-120.0146484375 41.967659203678
-119.970703125 38.993572058209
-114.08203125 34.307143856288
-114.4775390625 33.943359946579
-114.3896484375 33.724339661748
-114.609375 33.541394668983
-114.78515625 33.321348526699
-114.78515625 33.063924198121
-114.3896484375 32.953368145799
-114.5654296875 32.805744732907
-114.9609375 32.657875736955
-116.982421875 32.583849325657
  -1.1713219e+02   3.2568061e+01
  -1.1713395e+02   3.2592896e+01
  -1.1712409e+02   3.2606766e+01
  -1.1711509e+02   3.2600262e+01
  -1.1710338e+02   3.2606810e+01
  -1.1710231e+02   3.2620468e+01
  -1.1713128e+02   3.2630991e+01
  -1.1713701e+02   3.2615761e+01
  -1.1714981e+02   3.2646308e+01
  -1.1714280e+02   3.2653116e+01
  -1.1711989e+02   3.2652634e+01
  -1.1711902e+02   3.2670610e+01
  -1.1713321e+02   3.2689846e+01
  -1.1714633e+02   3.2694262e+01
  -1.1716417e+02   3.2683783e+01
  -1.1715585e+02   3.2672367e+01
  -1.1716637e+02   3.2669501e+01
  -1.1718838e+02   3.2682685e+01
  -1.1718786e+02   3.2705936e+01
  -1.1719096e+02   3.2713699e+01
  -1.1717734e+02   3.2715031e+01
  -1.1717464e+02   3.2726732e+01
  -1.1716657e+02   3.2706773e+01
  -1.1716806e+02   3.2698805e+01
  -1.1720581e+02   3.2713403e+01
  -1.1720986e+02   3.2725284e+01
  -1.1722424e+02   3.2718641e+01
  -1.1722003e+02   3.2706596e+01
  -1.1722619e+02   3.2697207e+01
  -1.1722397e+02   3.2684714e+01
  -1.1723656e+02   3.2669623e+01
  -1.1724528e+02   3.2674584e+01
  -1.1725528e+02   3.2691392e+01
  -1.1725748e+02   3.2701728e+01
  -1.1723783e+02   3.2707223e+01
  -1.1725473e+02   3.2746450e+01
  -1.1725388e+02   3.2763520e+01
  -1.1725756e+02   3.2784245e+01
  -1.1727879e+02   3.2822812e+01
  -1.1728360e+02   3.2837654e+01
  -1.1727379e+02   3.2851146e+01
  -1.1726604e+02   3.2847035e+01
  -1.1725987e+02   3.2854067e+01
  -1.1725364e+02   3.2885081e+01
  -1.1725807e+02   3.2908983e+01
  -1.1727477e+02   3.2993476e+01
  -1.1727956e+02   3.3007224e+01
  -1.1728604e+02   3.3023871e+01
  -1.1729808e+02   3.3035904e+01
  -1.1732216e+02   3.3108501e+01
  -1.1736191e+02   3.3165943e+01
  -1.1750884e+02   3.3335205e+01
  -1.1759630e+02   3.3390448e+01
  -1.1765437e+02   3.3441962e+01
  -1.1767073e+02   3.3452297e+01
  -1.1771520e+02   3.3474840e+01
  -1.1773522e+02   3.3484768e+01
  -1.1777652e+02   3.3529364e+01
  -1.1782457e+02   3.3561672e+01
  -1.1788025e+02   3.3592880e+01
  -1.1793022e+02   3.3607918e+01
  -1.1797851e+02   3.3635972e+01
  -1.1809054e+02   3.3730977e+01
  -1.1811739e+02   3.3743607e+01
  -1.1815258e+02   3.3758765e+01
  -1.1817364e+02   3.3763283e+01
  -1.1818553e+02   3.3757507e+01
  -1.1819250e+02   3.3752309e+01
  -1.1820275e+02   3.3746575e+01
  -1.1820248e+02   3.3739266e+01
  -1.1820973e+02   3.3742287e+01
  -1.1821383e+02   3.3749045e+01
  -1.1822392e+02   3.3756067e+01
  -1.1822658e+02   3.3765450e+01
  -1.1823070e+02   3.3769110e+01
  -1.1823468e+02   3.3763153e+01
  -1.1823468e+02   3.3763153e+01
  -1.1824034e+02   3.3767583e+01
  -1.1824555e+02   3.3759683e+01
  -1.1825032e+02   3.3757555e+01
  -1.1825499e+02   3.3758083e+01
  -1.1826037e+02   3.3760403e+01
  -1.1825455e+02   3.3765401e+01
  -1.1825009e+02   3.3763684e+01
  -1.1824388e+02   3.3750844e+01
  -1.1824899e+02   3.3749427e+01
  -1.1825385e+02   3.3746219e+01
  -1.1825111e+02   3.3736269e+01
  -1.1824432e+02   3.3734291e+01
  -1.1823635e+02   3.3728046e+01
  -1.1825013e+02   3.3723618e+01
  -1.1824557e+02   3.3714879e+01
  -1.1825763e+02   3.3716554e+01
  -1.1826133e+02   3.3725000e+01
  -1.1825913e+02   3.3729407e+01
  -1.1826056e+02   3.3733454e+01
  -1.1826862e+02   3.3728931e+01
  -1.1827447e+02   3.3723755e+01
  -1.1827221e+02   3.3715277e+01
  -1.1827608e+02   3.3707712e+01
  -1.1828269e+02   3.3708000e+01
  -1.1828173e+02   3.3711683e+01
  -1.1828244e+02   3.3716237e+01
  -1.1829131e+02   3.3703208e+01
  -1.1830088e+02   3.3709849e+01
  -1.1831752e+02   3.3713990e+01
  -1.1833146e+02   3.3720051e+01
  -1.1835482e+02   3.3726265e+01
  -1.1836229e+02   3.3735687e+01
  -1.1837608e+02   3.3737157e+01
  -1.1838500e+02   3.3740116e+01
  -1.1839419e+02   3.3736687e+01
  -1.1840136e+02   3.3735559e+01
  -1.1840481e+02   3.3740049e+01
  -1.1841204e+02   3.3741678e+01
  -1.1841522e+02   3.3754410e+01
  -1.1842278e+02   3.3763799e+01
  -1.1842757e+02   3.3773731e+01
  -1.1842182e+02   3.3783944e+01
  -1.1840930e+02   3.3791124e+01
  -1.1840864e+02   3.3798003e+01
  -1.1839572e+02   3.3805654e+01
  -1.1839180e+02   3.3817647e+01
  -1.1839139e+02   3.3835941e+01
  -1.1839721e+02   3.3844023e+01
  -1.1839967e+02   3.3851265e+01
  -1.1840992e+02   3.3873420e+01
  -1.1842495e+02   3.3905513e+01
  -1.1844465e+02   3.3949408e+01
  -1.1848266e+02   3.3999010e+01
  -1.1851407e+02   3.4022162e+01
  -1.1854406e+02   3.4038886e+01
  -1.1855730e+02   3.4037883e+01
  -1.1857062e+02   3.4041106e+01
  -1.1858263e+02   3.4036529e+01
  -1.1859074e+02   3.4039093e+01
  -1.1860340e+02   3.4038818e+01
  -1.1860927e+02   3.4035651e+01
  -1.1863694e+02   3.4036392e+01
  -1.1866659e+02   3.4038945e+01
  -1.1867566e+02   3.4038121e+01
  -1.1867820e+02   3.4033030e+01
  -1.1868014e+02   3.4030330e+01
  -1.1869316e+02   3.4031884e+01
  -1.1870678e+02   3.4029427e+01
  -1.1873053e+02   3.4032545e+01
  -1.1874839e+02   3.4031889e+01
  -1.1875614e+02   3.4025720e+01
  -1.1877302e+02   3.4023764e+01
  -1.1878340e+02   3.4021839e+01
  -1.1878793e+02   3.4019664e+01
  -1.1878921e+02   3.4014562e+01
  -1.1879275e+02   3.4011571e+01
  -1.1879370e+02   3.4007267e+01
  -1.1879661e+02   3.4006706e+01
  -1.1880277e+02   3.4004796e+01
  -1.1880406e+02   3.4001036e+01
  -1.1880697e+02   3.3999406e+01
  -1.1882981e+02   3.4020824e+01
  -1.1885260e+02   3.4033657e+01
  -1.1886266e+02   3.4034433e+01
  -1.1887572e+02   3.4037551e+01
  -1.1889422e+02   3.4038561e+01
  -1.1890267e+02   3.4040149e+01
  -1.1891469e+02   3.4040637e+01
  -1.1892090e+02   3.4044302e+01
  -1.1893001e+02   3.4045896e+01
  -1.1893681e+02   3.4043200e+01
  -1.1895404e+02   3.4047858e+01
  -1.1897750e+02   3.4059566e+01
  -1.1899737e+02   3.4065651e+01
  -1.1900808e+02   3.4066120e+01
  -1.1903826e+02   3.4083640e+01
  -1.1906090e+02   3.4085530e+01
  -1.1908970e+02   3.4100484e+01
  -1.1910016e+02   3.4102807e+01
  -1.1910065e+02   3.4098963e+01
  -1.1910648e+02   3.4094466e+01
  -1.1911433e+02   3.4101793e+01
  -1.1911705e+02   3.4106416e+01
  -1.1911978e+02   3.4106132e+01
  -1.1911959e+02   3.4103739e+01
  -1.1912865e+02   3.4100547e+01
  -1.1915376e+02   3.4116325e+01
  -1.1919370e+02   3.4141738e+01
  -1.1920438e+02   3.4144097e+01
  -1.1920575e+02   3.4145757e+01
  -1.1920420e+02   3.4148414e+01
  -1.1920466e+02   3.4149536e+01
  -1.1920832e+02   3.4152322e+01
  -1.1921014e+02   3.4152308e+01
  -1.1921099e+02   3.4147987e+01
  -1.1921482e+02   3.4145707e+01
  -1.1921709e+02   3.4145502e+01
  -1.1922080e+02   3.4153166e+01
  -1.1922470e+02   3.4157075e+01
  -1.1922608e+02   3.4159128e+01
  -1.1923116e+02   3.4167344e+01
  -1.1923716e+02   3.4176865e+01
  -1.1924397e+02   3.4190090e+01
  -1.1925267e+02   3.4203925e+01
  -1.1926019e+02   3.4217124e+01
  -1.1926336e+02   3.4226577e+01
  -1.1925886e+02   3.4233353e+01
  -1.1926391e+02   3.4235053e+01
  -1.1926716e+02   3.4244534e+01
  -1.1926930e+02   3.4254959e+01
  -1.1928116e+02   3.4268704e+01
  -1.1928992e+02   3.4274576e+01
  -1.1929603e+02   3.4274322e+01
  -1.1930442e+02   3.4272362e+01
  -1.1931339e+02   3.4277128e+01
  -1.1932069e+02   3.4282636e+01
  -1.1932912e+02   3.4285930e+01
  -1.1933860e+02   3.4290480e+01
  -1.1934949e+02   3.4304075e+01
  -1.1935877e+02   3.4310094e+01
  -1.1936470e+02   3.4315726e+01
  -1.1937086e+02   3.4319675e+01
  -1.1937519e+02   3.4320273e+01
  -1.1938206e+02   3.4319370e+01
  -1.1938689e+02   3.4318065e+01
  -1.1939148e+02   3.4318445e+01
  -1.1939411e+02   3.4322601e+01
  -1.1940108e+02   3.4330572e+01
  -1.1940982e+02   3.4336173e+01
  -1.1941832e+02   3.4342382e+01
  -1.1942995e+02   3.4353472e+01
  -1.1943662e+02   3.4355728e+01
  -1.1944324e+02   3.4354822e+01
  -1.1945303e+02   3.4368401e+01
  -1.1946023e+02   3.4374040e+01
  -1.1946624e+02   3.4375022e+01
  -1.1947020e+02   3.4375814e+01
  -1.1947297e+02   3.4373889e+01
  -1.1947524e+02   3.4372393e+01
  -1.1947780e+02   3.4372579e+01
  -1.1947962e+02   3.4374459e+01
  -1.1948351e+02   3.4378633e+01
  -1.1948817e+02   3.4381116e+01
  -1.1949486e+02   3.4383997e+01
  -1.1950251e+02   3.4384342e+01
  -1.1951681e+02   3.4386938e+01
  -1.1952069e+02   3.4390689e+01
  -1.1952943e+02   3.4394813e+01
  -1.1953684e+02   3.4395580e+01
  -1.1955569e+02   3.4410451e+01
  -1.1956318e+02   3.4414795e+01
  -1.1956801e+02   3.4413903e+01
  -1.1957285e+02   3.4412796e+01
  -1.1957589e+02   3.4411924e+01
  -1.1958179e+02   3.4412701e+01
  -1.1959586e+02   3.4418850e+01
  -1.1961716e+02   3.4420527e+01
  -1.1962120e+02   3.4418173e+01
  -1.1962886e+02   3.4418084e+01
  -1.1963851e+02   3.4415242e+01
  -1.1965793e+02   3.4416506e+01
  -1.1967806e+02   3.4414385e+01
  -1.1968770e+02   3.4410903e+01
  -1.1969021e+02   3.4408138e+01
  -1.1969169e+02   3.4405384e+01
  -1.1969090e+02   3.4403498e+01
  -1.1970080e+02   3.4400856e+01
  -1.1970204e+02   3.4398105e+01
  -1.1970788e+02   3.4395441e+01
  -1.1971990e+02   3.4395301e+01
  -1.1973295e+02   3.4397464e+01
  -1.1974322e+02   3.4402608e+01
  -1.1975450e+02   3.4404786e+01
  -1.1978765e+02   3.4417211e+01
  -1.1980296e+02   3.4418098e+01
  -1.1980855e+02   3.4416345e+01
  -1.1983204e+02   3.4416264e+01
  -1.1983641e+02   3.4414948e+01
  -1.1984101e+02   3.4412983e+01
  -1.1984094e+02   3.4410040e+01
  -1.1984239e+02   3.4406233e+01
  -1.1984438e+02   3.4403892e+01
  -1.1985472e+02   3.4408807e+01
  -1.1986824e+02   3.4409479e+01
  -1.1987435e+02   3.4408770e+01
  -1.1987864e+02   3.4406613e+01
  -1.1989037e+02   3.4419092e+01
  -1.1990060e+02   3.4420436e+01
  -1.1992153e+02   3.4433401e+01
  -1.1993484e+02   3.4435541e+01
  -1.1994276e+02   3.4435237e+01
  -1.1994990e+02   3.4434311e+01
  -1.1995707e+02   3.4435892e+01
  -1.1996225e+02   3.4439815e+01
  -1.1997593e+02   3.4447210e+01
  -1.1998467e+02   3.4450035e+01
  -1.1998953e+02   3.4449768e+01
  -1.2000997e+02   3.4461012e+01
  -1.2002214e+02   3.4457696e+01
  -1.2003660e+02   3.4463137e+01
  -1.2009142e+02   3.4458808e+01
  -1.2013341e+02   3.4472724e+01
  -1.2017187e+02   3.4469985e+01
  -1.2029321e+02   3.4468486e+01
  -1.2042520e+02   3.4451321e+01
  -1.2044434e+02   3.4451182e+01
  -1.2045411e+02   3.4442812e+01
  -1.2047268e+02   3.4450273e+01
  -1.2049161e+02   3.4491360e+01
  -1.2050999e+02   3.4521375e+01
  -1.2053636e+02   3.4535293e+01
  -1.2055784e+02   3.4541160e+01
  -1.2057793e+02   3.4553543e+01
  -1.2059457e+02   3.4554697e+01
  -1.2062162e+02   3.4552614e+01
  -1.2063663e+02   3.4562893e+01
  -1.2064444e+02   3.4574131e+01
  -1.2064783e+02   3.4585676e+01
  -1.2064211e+02   3.4601023e+01
  -1.2063057e+02   3.4628194e+01
  -1.2061414e+02   3.4659403e+01
  -1.2060605e+02   3.4679350e+01
  -1.2060305e+02   3.4704782e+01
  -1.2061701e+02   3.4725653e+01
  -1.2062759e+02   3.4743476e+01
  -1.2064025e+02   3.4758531e+01
  -1.2062992e+02   3.4781933e+01
  -1.2061921e+02   3.4819206e+01
  -1.2061741e+02   3.4843632e+01
  -1.2061557e+02   3.4858003e+01
  -1.2062219e+02   3.4867300e+01
  -1.2063256e+02   3.4871405e+01
  -1.2064025e+02   3.4879218e+01
  -1.2064461e+02   3.4895113e+01
  -1.2065497e+02   3.4901186e+01
  -1.2066765e+02   3.4898848e+01
  -1.2067284e+02   3.4907521e+01
  -1.2066620e+02   3.4931769e+01
  -1.2064238e+02   3.5000873e+01
  -1.2063370e+02   3.5035102e+01
  -1.2063073e+02   3.5073879e+01
  -1.2063573e+02   3.5108588e+01
  -1.2064489e+02   3.5139390e+01
  -1.2065294e+02   3.5144232e+01
  -1.2065855e+02   3.5150480e+01
  -1.2067116e+02   3.5150226e+01
  -1.2067903e+02   3.5153062e+01
  -1.2069807e+02   3.5169135e+01
  -1.2070637e+02   3.5174221e+01
  -1.2072385e+02   3.5175226e+01
  -1.2074967e+02   3.5177397e+01
  -1.2075561e+02   3.5171922e+01
  -1.2075535e+02   3.5163124e+01
  -1.2075944e+02   3.5159215e+01
  -1.2076553e+02   3.5160242e+01
  -1.2079084e+02   3.5179023e+01
  -1.2084979e+02   3.5202913e+01
  -1.2087668e+02   3.5223790e+01
  -1.2088610e+02   3.5233791e+01
  -1.2089765e+02   3.5249766e+01
  -1.2089559e+02   3.5273514e+01
  -1.2088707e+02   3.5285935e+01
  -1.2085558e+02   3.5321519e+01
  -1.2085739e+02   3.5326765e+01
  -1.2086783e+02   3.5330392e+01
  -1.2085381e+02   3.5347529e+01
  -1.2084156e+02   3.5345867e+01
  -1.2083583e+02   3.5342913e+01
  -1.2083140e+02   3.5336088e+01
  -1.2084206e+02   3.5331670e+01
  -1.2084324e+02   3.5324348e+01
  -1.2086224e+02   3.5361905e+01
  -1.2086675e+02   3.5370993e+01
  -1.2086026e+02   3.5373803e+01
  -1.2085207e+02   3.5367051e+01
  -1.2087110e+02   3.5405308e+01
  -1.2087908e+02   3.5420093e+01
  -1.2088732e+02   3.5432929e+01
  -1.2090818e+02   3.5448244e+01
  -1.2094619e+02   3.5446285e+01
  -1.2096347e+02   3.5456651e+01
  -1.2098277e+02   3.5459988e+01
  -1.2100536e+02   3.5460657e+01
  -1.2103698e+02   3.5489203e+01
  -1.2106831e+02   3.5517869e+01
  -1.2110181e+02   3.5549667e+01
  -1.2113087e+02   3.5600701e+01
  -1.2114328e+02   3.5605043e+01
  -1.2115911e+02   3.5627235e+01
  -1.2116940e+02   3.5636919e+01
  -1.2118737e+02   3.5641921e+01
  -1.2119307e+02   3.5639616e+01
  -1.2119153e+02   3.5633865e+01
  -1.2119503e+02   3.5632336e+01
  -1.2121650e+02   3.5647748e+01
  -1.2123400e+02   3.5652038e+01
  -1.2125199e+02   3.5657394e+01
  -1.2126915e+02   3.5664211e+01
  -1.2128831e+02   3.5664830e+01
  -1.2128847e+02   3.5681458e+01
  -1.2129841e+02   3.5697489e+01
  -1.2130902e+02   3.5707709e+01
  -1.2131459e+02   3.5713724e+01
  -1.2132307e+02   3.5764553e+01
  -1.2133723e+02   3.5786529e+01
  -1.2136801e+02   3.5810361e+01
  -1.2138712e+02   3.5821432e+01
  -1.2140893e+02   3.5844021e+01
  -1.2141335e+02   3.5854746e+01
  -1.2142554e+02   3.5858420e+01
  -1.2144203e+02   3.5869222e+01
  -1.2146320e+02   3.5886731e+01
  -1.2146272e+02   3.5903713e+01
  -1.2147225e+02   3.5913569e+01
  -1.2147838e+02   3.5931582e+01
  -1.2148223e+02   3.5948976e+01
  -1.2148690e+02   3.5965828e+01
  -1.2148998e+02   3.5982245e+01
  -1.2150668e+02   3.6003260e+01
  -1.2152257e+02   3.6010071e+01
  -1.2154108e+02   3.6015013e+01
  -1.2156674e+02   3.6020117e+01
  -1.2158224e+02   3.6036027e+01
  -1.2159266e+02   3.6050570e+01
  -1.2159452e+02   3.6064233e+01
  -1.2160644e+02   3.6071505e+01
  -1.2161822e+02   3.6084429e+01
  -1.2163016e+02   3.6113057e+01
  -1.2164266e+02   3.6123550e+01
  -1.2165776e+02   3.6142647e+01
  -1.2167792e+02   3.6162675e+01
  -1.2169358e+02   3.6171656e+01
  -1.2170388e+02   3.6182217e+01
  -1.2172914e+02   3.6198145e+01
  -1.2175395e+02   3.6211547e+01
  -1.2178144e+02   3.6226326e+01
  -1.2179886e+02   3.6234480e+01
  -1.2181037e+02   3.6232397e+01
  -1.2182486e+02   3.6239203e+01
  -1.2183560e+02   3.6249172e+01
  -1.2184008e+02   3.6259345e+01
  -1.2184542e+02   3.6272400e+01
  -1.2185220e+02   3.6279446e+01
  -1.2186319e+02   3.6283189e+01
  -1.2187361e+02   3.6290025e+01
  -1.2188101e+02   3.6299506e+01
  -1.2189966e+02   3.6304400e+01
  -1.2189563e+02   3.6313929e+01
  -1.2189713e+02   3.6327981e+01
  -1.2189372e+02   3.6332058e+01
  -1.2189359e+02   3.6338568e+01
  -1.2189786e+02   3.6343868e+01
  -1.2190107e+02   3.6352760e+01
  -1.2190365e+02   3.6362116e+01
  -1.2190584e+02   3.6371752e+01
  -1.2190613e+02   3.6377140e+01
  -1.2190417e+02   3.6384537e+01
  -1.2190612e+02   3.6388478e+01
  -1.2190827e+02   3.6396371e+01
  -1.2191443e+02   3.6403036e+01
  -1.2191767e+02   3.6415549e+01
  -1.2191533e+02   3.6423194e+01
  -1.2191835e+02   3.6430327e+01
  -1.2192901e+02   3.6447786e+01
  -1.2193022e+02   3.6454603e+01
  -1.2193151e+02   3.6463031e+01
  -1.2193804e+02   3.6468265e+01
  -1.2194470e+02   3.6486152e+01
  -1.2194631e+02   3.6491891e+01
  -1.2194248e+02   3.6496705e+01
  -1.2194321e+02   3.6502832e+01
  -1.2194424e+02   3.6505695e+01
  -1.2194227e+02   3.6511901e+01
  -1.2194957e+02   3.6514218e+01
  -1.2195693e+02   3.6517618e+01
  -1.2195536e+02   3.6522728e+01
  -1.2194820e+02   3.6523662e+01
  -1.2194006e+02   3.6522816e+01
  -1.2192753e+02   3.6523852e+01
  -1.2192830e+02   3.6531380e+01
  -1.2192994e+02   3.6537846e+01
  -1.2193312e+02   3.6538475e+01
  -1.2193563e+02   3.6544188e+01
  -1.2193127e+02   3.6547210e+01
  -1.2193253e+02   3.6555129e+01
  -1.2193462e+02   3.6561225e+01
  -1.2194034e+02   3.6558517e+01
  -1.2194280e+02   3.6563146e+01
  -1.2194648e+02   3.6564848e+01
  -1.2195089e+02   3.6562909e+01
  -1.2195389e+02   3.6559565e+01
  -1.2197008e+02   3.6568854e+01
  -1.2197800e+02   3.6574767e+01
  -1.2198112e+02   3.6583717e+01
  -1.2197393e+02   3.6584291e+01
  -1.2196722e+02   3.6585213e+01
  -1.2196664e+02   3.6592101e+01
  -1.2196387e+02   3.6600501e+01
  -1.2195986e+02   3.6611473e+01
  -1.2195638e+02   3.6614104e+01
  -1.2195033e+02   3.6609938e+01
  -1.2194664e+02   3.6618007e+01
  -1.2194252e+02   3.6626448e+01
  -1.2194153e+02   3.6634434e+01
  -1.2193769e+02   3.6639249e+01
  -1.2192953e+02   3.6638040e+01
  -1.2192121e+02   3.6633581e+01
  -1.2192055e+02   3.6628898e+01
  -1.2191314e+02   3.6624412e+01
  -1.2190215e+02   3.6620752e+01
  -1.2189594e+02   3.6612611e+01
  -1.2188742e+02   3.6601994e+01
  -1.2187884e+02   3.6602614e+01
  -1.2187000e+02   3.6607212e+01
  -1.2185387e+02   3.6619614e+01
  -1.2183793e+02   3.6635612e+01
  -1.2182706e+02   3.6656200e+01
  -1.2181426e+02   3.6683238e+01
  -1.2180993e+02   3.6718817e+01
  -1.2180536e+02   3.6737739e+01
  -1.2179242e+02   3.6730868e+01
  -1.2176374e+02   3.6722073e+01
  -1.2176127e+02   3.6730286e+01
  -1.2176644e+02   3.6735208e+01
  -1.2177021e+02   3.6739083e+01
  -1.2177511e+02   3.6737500e+01
  -1.2178371e+02   3.6737984e+01
  -1.2179019e+02   3.6741781e+01
  -1.2179490e+02   3.6746352e+01
  -1.2180320e+02   3.6750459e+01
  -1.2179816e+02   3.6779907e+01
  -1.2178981e+02   3.6806199e+01
  -1.2180425e+02   3.6836018e+01
  -1.2185993e+02   3.6927476e+01
  -1.2188712e+02   3.6954901e+01
  -1.2190560e+02   3.6969126e+01
  -1.2193724e+02   3.6978307e+01
  -1.2195277e+02   3.6971008e+01
  -1.2196357e+02   3.6959490e+01
  -1.2197424e+02   3.6955199e+01
  -1.2199397e+02   3.6959866e+01
  -1.2200670e+02   3.6962378e+01
  -1.2202121e+02   3.6962668e+01
  -1.2202516e+02   3.6959653e+01
  -1.2202408e+02   3.6956070e+01
  -1.2202519e+02   3.6950974e+01
  -1.2203482e+02   3.6953213e+01
  -1.2204679e+02   3.6948157e+01
  -1.2206087e+02   3.6948813e+01
  -1.2208090e+02   3.6951463e+01
  -1.2210600e+02   3.6955755e+01
  -1.2212084e+02   3.6963256e+01
  -1.2213499e+02   3.6965726e+01
  -1.2214224e+02   3.6975251e+01
  -1.2215364e+02   3.6977075e+01
  -1.2217759e+02   3.6995105e+01
  -1.2220792e+02   3.7019273e+01
  -1.2222212e+02   3.7024295e+01
  -1.2222795e+02   3.7040060e+01
  -1.2225380e+02   3.7059123e+01
  -1.2226604e+02   3.7076456e+01
  -1.2228103e+02   3.7096583e+01
  -1.2229006e+02   3.7104236e+01
  -1.2229766e+02   3.7111227e+01
  -1.2230835e+02   3.7116675e+01
  -1.2231873e+02   3.7115617e+01
  -1.2232766e+02   3.7112808e+01
  -1.2233929e+02   3.7118582e+01
  -1.2233785e+02   3.7134902e+01
  -1.2235953e+02   3.7150485e+01
  -1.2236104e+02   3.7162356e+01
  -1.2236935e+02   3.7174020e+01
  -1.2238341e+02   3.7182271e+01
  -1.2239611e+02   3.7181860e+01
  -1.2240446e+02   3.7194526e+01
  -1.2240787e+02   3.7216117e+01
  -1.2241070e+02   3.7226871e+01
  -1.2241650e+02   3.7233920e+01
  -1.2241836e+02   3.7252310e+01
  -1.2241015e+02   3.7268845e+01
  -1.2240741e+02   3.7294984e+01
  -1.2240252e+02   3.7340504e+01
  -1.2240034e+02   3.7359741e+01
  -1.2240874e+02   3.7364172e+01
  -1.2241157e+02   3.7374931e+01
  -1.2242919e+02   3.7407271e+01
  -1.2244445e+02   3.7437519e+01
  -1.2244916e+02   3.7476655e+01
  -1.2246325e+02   3.7496649e+01
  -1.2247927e+02   3.7502783e+01
  -1.2248610e+02   3.7502556e+01
  -1.2249421e+02   3.7500839e+01
  -1.2249528e+02   3.7495371e+01
  -1.2249926e+02   3.7493066e+01
  -1.2250107e+02   3.7501329e+01
  -1.2251203e+02   3.7510003e+01
  -1.2252047e+02   3.7531421e+01
  -1.2251757e+02   3.7545266e+01
  -1.2251476e+02   3.7560893e+01
  -1.2252003e+02   3.7574125e+01
  -1.2251904e+02   3.7589714e+01
  -1.2252242e+02   3.7593217e+01
  -1.2251747e+02   3.7594473e+01
  -1.2251309e+02   3.7597844e+01
  -1.2250760e+02   3.7597698e+01
  -1.2250323e+02   3.7601463e+01
  -1.2250170e+02   3.7606944e+01
  -1.2249595e+02   3.7627374e+01
  -1.2249474e+02   3.7665229e+01
  -1.2250187e+02   3.7703488e+01
  -1.2250849e+02   3.7724944e+01
  -1.2251361e+02   3.7752261e+01
  -1.2251517e+02   3.7781126e+01
  -1.2250587e+02   3.7786456e+01
  -1.2249767e+02   3.7787102e+01
  -1.2248593e+02   3.7790811e+01
  -1.2247645e+02   3.7810675e+01
  -1.2246336e+02   3.7805304e+01
  -1.2241876e+02   3.7811143e+01
  -1.2240864e+02   3.7810392e+01
  -1.2239820e+02   3.7803495e+01
  -1.2238793e+02   3.7790961e+01
  -1.2238710e+02   3.7778745e+01
  -1.2238153e+02   3.7773643e+01
  -1.2238286e+02   3.7763829e+01
  -1.2237924e+02   3.7755986e+01
  -1.2237432e+02   3.7749271e+01
  -1.2236649e+02   3.7739755e+01
  -1.2235454e+02   3.7730008e+01
  -1.2236246e+02   3.7714916e+01
  -1.2237629e+02   3.7716641e+01
  -1.2237947e+02   3.7707492e+01
  -1.2239245e+02   3.7710330e+01
  -1.2238797e+02   3.7677188e+01
  -1.2238016e+02   3.7676710e+01
  -1.2238103e+02   3.7666919e+01
  -1.2237491e+02   3.7655163e+01
  -1.2238136e+02   3.7647353e+01
  -1.2238439e+02   3.7636664e+01
  -1.2238373e+02   3.7631460e+01
  -1.2236372e+02   3.7627251e+01
  -1.2235414e+02   3.7613507e+01
  -1.2235934e+02   3.7608471e+01
  -1.2237117e+02   3.7612945e+01
  -1.2237411e+02   3.7604187e+01
  -1.2236229e+02   3.7599708e+01
  -1.2235852e+02   3.7592805e+01
  -1.2233039e+02   3.7589405e+01
  -1.2231677e+02   3.7589845e+01
  -1.2231579e+02   3.7583930e+01
  -1.2229907e+02   3.7576898e+01
  -1.2228327e+02   3.7574699e+01
  -1.2225792e+02   3.7571519e+01
  -1.2225097e+02   3.7568061e+01
  -1.2224535e+02   3.7553193e+01
  -1.2223958e+02   3.7546887e+01
  -1.2223054e+02   3.7544827e+01
  -1.2221029e+02   3.7539864e+01
  -1.2219930e+02   3.7534962e+01
  -1.2219889e+02   3.7526781e+01
  -1.2220735e+02   3.7517483e+01
  -1.2219300e+02   3.7515357e+01
  -1.2218307e+02   3.7507554e+01
  -1.2217129e+02   3.7503590e+01
  -1.2215868e+02   3.7503363e+01
  -1.2214794e+02   3.7496649e+01
  -1.2213414e+02   3.7497789e+01
  -1.2212267e+02   3.7484931e+01
  -1.2211193e+02   3.7467475e+01
  -1.2210017e+02   3.7455064e+01
  -1.2208088e+02   3.7448717e+01
  -1.2205891e+02   3.7447414e+01
  -1.2203864e+02   3.7451402e+01
  -1.2203214e+02   3.7463364e+01
  -1.2204076e+02   3.7467922e+01
  -1.2204833e+02   3.7468736e+01
  -1.2205224e+02   3.7471381e+01
  -1.2205187e+02   3.7477444e+01
  -1.2205053e+02   3.7484280e+01
  -1.2205175e+02   3.7489203e+01
  -1.2205777e+02   3.7497545e+01
  -1.2206237e+02   3.7501695e+01
  -1.2206908e+02   3.7503567e+01
  -1.2209333e+02   3.7503567e+01
  -1.2210904e+02   3.7517971e+01
  -1.2211655e+02   3.7542562e+01
  -1.2214631e+02   3.7578968e+01
  -1.2215222e+02   3.7616096e+01
  -1.2216278e+02   3.7664434e+01
  -1.2218524e+02   3.7690784e+01
  -1.2219186e+02   3.7700313e+01
  -1.2220673e+02   3.7710669e+01
  -1.2221436e+02   3.7699068e+01
  -1.2225177e+02   3.7722777e+01
  -1.2226235e+02   3.7743003e+01
  -1.2224893e+02   3.7748301e+01
  -1.2221245e+02   3.7743484e+01
  -1.2221729e+02   3.7758486e+01
  -1.2222185e+02   3.7759717e+01
  -1.2222632e+02   3.7755397e+01
  -1.2223934e+02   3.7755325e+01
  -1.2227155e+02   3.7762847e+01
  -1.2228351e+02   3.7763329e+01
  -1.2228985e+02   3.7767131e+01
  -1.2229988e+02   3.7772246e+01
  -1.2229737e+02   3.7779759e+01
  -1.2230756e+02   3.7780865e+01
  -1.2230985e+02   3.7776218e+01
  -1.2233151e+02   3.7782388e+01
  -1.2232862e+02   3.7796489e+01
  -1.2232470e+02   3.7801083e+01
  -1.2232501e+02   3.7803751e+01
  -1.2232842e+02   3.7804460e+01
  -1.2233909e+02   3.7803381e+01
  -1.2234066e+02   3.7807116e+01
  -1.2233473e+02   3.7811631e+01
  -1.2232236e+02   3.7810942e+01
  -1.2231657e+02   3.7817090e+01
  -1.2232836e+02   3.7821026e+01
  -1.2231969e+02   3.7825093e+01
  -1.2230139e+02   3.7826239e+01
  -1.2229550e+02   3.7831292e+01
  -1.2229789e+02   3.7839311e+01
  -1.2230386e+02   3.7862902e+01
  -1.2231602e+02   3.7860891e+01
  -1.2231775e+02   3.7867865e+01
  -1.2230831e+02   3.7870329e+01
  -1.2231390e+02   3.7885829e+01
  -1.2232876e+02   3.7908058e+01
  -1.2234783e+02   3.7906372e+01
  -1.2236483e+02   3.7903659e+01
  -1.2239109e+02   3.7907675e+01
  -1.2238763e+02   3.7920218e+01
  -1.2239626e+02   3.7928049e+01
  -1.2241017e+02   3.7931922e+01
  -1.2242132e+02   3.7948316e+01
  -1.2242970e+02   3.7964262e+01
  -1.2241381e+02   3.7962083e+01
  -1.2239773e+02   3.7956117e+01
  -1.2239503e+02   3.7970267e+01
  -1.2236880e+02   3.7980316e+01
  -1.2235957e+02   3.7987649e+01
  -1.2236998e+02   3.8003556e+01
  -1.2236631e+02   3.8012336e+01
  -1.2234630e+02   3.8006049e+01
  -1.2233601e+02   3.8003811e+01
  -1.2232250e+02   3.8005194e+01
  -1.2231677e+02   3.8010136e+01
  -1.2229904e+02   3.8011198e+01
  -1.2227697e+02   3.8024951e+01
  -1.2227557e+02   3.8039101e+01
  -1.2226424e+02   3.8045952e+01
  -1.2224975e+02   3.8055365e+01
  -1.2222704e+02   3.8058417e+01
  -1.2220363e+02   3.8053378e+01
  -1.2218617e+02   3.8047976e+01
  -1.2216855e+02   3.8028043e+01
  -1.2214794e+02   3.8023627e+01
  -1.2212438e+02   3.8029202e+01
  -1.2208184e+02   3.8047896e+01
  -1.2205326e+02   3.8053075e+01
  -1.2200399e+02   3.8056136e+01
  -1.2193901e+02   3.8044544e+01
  -1.2188800e+02   3.8041089e+01
  -1.2187810e+02   3.8034346e+01
  -1.2183712e+02   3.8023064e+01
  -1.2177913e+02   3.8015461e+01
  -1.2175108e+02   3.8019436e+01
  -1.2172297e+02   3.8011135e+01
  -1.2170206e+02   3.8009223e+01
  -1.2169004e+02   3.8009119e+01
  -1.2168144e+02   3.8017453e+01
  -1.2169482e+02   3.8024678e+01
  -1.2171055e+02   3.8022106e+01
  -1.2172308e+02   3.8025563e+01
  -1.2172061e+02   3.8032117e+01
  -1.2170491e+02   3.8035232e+01
  -1.2169489e+02   3.8043402e+01
  -1.2168554e+02   3.8044745e+01
  -1.2168151e+02   3.8048326e+01
  -1.2167837e+02   3.8056952e+01
  -1.2167634e+02   3.8067084e+01
  -1.2167561e+02   3.8075507e+01
  -1.2167113e+02   3.8083889e+01
  -1.2166055e+02   3.8086859e+01
  -1.2163768e+02   3.8086330e+01
  -1.2162452e+02   3.8089286e+01
  -1.2162406e+02   3.8094702e+01
  -1.2161710e+02   3.8098619e+01
  -1.2160668e+02   3.8099351e+01
  -1.2159626e+02   3.8094387e+01
  -1.2158205e+02   3.8092000e+01
  -1.2158033e+02   3.8083398e+01
  -1.2157652e+02   3.8074307e+01
  -1.2158247e+02   3.8068751e+01
  -1.2158497e+02   3.8062743e+01
  -1.2159923e+02   3.8059134e+01
  -1.2160961e+02   3.8061029e+01
  -1.2162062e+02   3.8061825e+01
  -1.2162771e+02   3.8050833e+01
  -1.2163224e+02   3.8044229e+01
  -1.2162299e+02   3.8036362e+01
  -1.2161276e+02   3.8021491e+01
  -1.2160506e+02   3.8017906e+01
  -1.2159837e+02   3.8021862e+01
  -1.2158424e+02   3.8028710e+01
  -1.2158248e+02   3.8035782e+01
  -1.2158021e+02   3.8047191e+01
  -1.2157926e+02   3.8057484e+01
  -1.2157809e+02   3.8062378e+01
  -1.2156931e+02   3.8065844e+01
  -1.2155592e+02   3.8057537e+01
  -1.2154758e+02   3.8055045e+01
  -1.2153780e+02   3.8050966e+01
  -1.2152641e+02   3.8040979e+01
  -1.2151264e+02   3.8040240e+01
  -1.2150088e+02   3.8031073e+01
  -1.2148034e+02   3.8022651e+01
  -1.2145901e+02   3.8004781e+01
  -1.2144530e+02   3.7996324e+01
  -1.2144538e+02   3.8003892e+01
  -1.2145873e+02   3.8020575e+01
  -1.2147574e+02   3.8037177e+01
  -1.2148656e+02   3.8044745e+01
  -1.2150390e+02   3.8049750e+01
  -1.2151324e+02   3.8054822e+01
  -1.2152627e+02   3.8054497e+01
  -1.2152926e+02   3.8060368e+01
  -1.2153561e+02   3.8064533e+01
  -1.2154242e+02   3.8063282e+01
  -1.2154864e+02   3.8064206e+01
  -1.2156512e+02   3.8081083e+01
  -1.2157128e+02   3.8097139e+01
  -1.2158650e+02   3.8102362e+01
  -1.2160407e+02   3.8105780e+01
  -1.2162719e+02   3.8105618e+01
  -1.2163191e+02   3.8103258e+01
  -1.2163948e+02   3.8094468e+01
  -1.2164452e+02   3.8092515e+01
  -1.2165197e+02   3.8094306e+01
  -1.2165856e+02   3.8097602e+01
  -1.2166495e+02   3.8099189e+01
  -1.2168028e+02   3.8092691e+01
  -1.2168611e+02   3.8082668e+01
  -1.2168859e+02   3.8075100e+01
  -1.2168928e+02   3.8061591e+01
  -1.2169933e+02   3.8050849e+01
  -1.2172059e+02   3.8040282e+01
  -1.2174206e+02   3.8029449e+01
  -1.2176747e+02   3.8030388e+01
  -1.2177871e+02   3.8036019e+01
  -1.2178522e+02   3.8043399e+01
  -1.2178425e+02   3.8052067e+01
  -1.2177985e+02   3.8061375e+01
  -1.2176917e+02   3.8068695e+01
  -1.2175903e+02   3.8072215e+01
  -1.2174682e+02   3.8075995e+01
  -1.2173644e+02   3.8078843e+01
  -1.2171667e+02   3.8092807e+01
  -1.2170299e+02   3.8105618e+01
  -1.2168779e+02   3.8123831e+01
  -1.2168260e+02   3.8147193e+01
  -1.2168948e+02   3.8147547e+01
  -1.2170488e+02   3.8122293e+01
  -1.2172145e+02   3.8108346e+01
  -1.2174698e+02   3.8087714e+01
  -1.2176745e+02   3.8078843e+01
  -1.2180308e+02   3.8062883e+01
  -1.2182397e+02   3.8068799e+01
  -1.2184612e+02   3.8072511e+01
  -1.2186184e+02   3.8070453e+01
  -1.2186734e+02   3.8064643e+01
  -1.2188253e+02   3.8056900e+01
  -1.2189817e+02   3.8053221e+01
  -1.2191672e+02   3.8052707e+01
  -1.2192882e+02   3.8058417e+01
  -1.2192097e+02   3.8062445e+01
  -1.2191609e+02   3.8066962e+01
  -1.2190831e+02   3.8078843e+01
  -1.2195498e+02   3.8079170e+01
  -1.2197127e+02   3.8074918e+01
  -1.2198948e+02   3.8082498e+01
  -1.2201496e+02   3.8098511e+01
  -1.2198599e+02   3.8110704e+01
  -1.2198942e+02   3.8125198e+01
  -1.2200030e+02   3.8137312e+01
  -1.2201621e+02   3.8139550e+01
  -1.2203806e+02   3.8136747e+01
  -1.2205517e+02   3.8133734e+01
  -1.2206542e+02   3.8127346e+01
  -1.2206896e+02   3.8121780e+01
  -1.2206580e+02   3.8113227e+01
  -1.2207549e+02   3.8100508e+01
  -1.2209325e+02   3.8084304e+01
  -1.2212108e+02   3.8059882e+01
  -1.2212660e+02   3.8050343e+01
  -1.2213029e+02   3.8042142e+01
  -1.2215848e+02   3.8043445e+01
  -1.2216593e+02   3.8054547e+01
  -1.2218430e+02   3.8064789e+01
  -1.2218963e+02   3.8061382e+01
  -1.2219514e+02   3.8061752e+01
  -1.2220493e+02   3.8065233e+01
  -1.2222357e+02   3.8065727e+01
  -1.2224521e+02   3.8072086e+01
  -1.2226089e+02   3.8069433e+01
  -1.2227146e+02   3.8074509e+01
  -1.2228167e+02   3.8086085e+01
  -1.2230068e+02   3.8108196e+01
  -1.2239652e+02   3.8153231e+01
  -1.2241063e+02   3.8133846e+01
  -1.2243413e+02   3.8123345e+01
  -1.2244931e+02   3.8124469e+01
  -1.2245788e+02   3.8117699e+01
  -1.2250232e+02   3.8113521e+01
  -1.2248742e+02   3.8104827e+01
  -1.2248249e+02   3.8076881e+01
  -1.2249409e+02   3.8050008e+01
  -1.2250272e+02   3.8031880e+01
  -1.2250568e+02   3.8023131e+01
  -1.2250605e+02   3.8017172e+01
  -1.2249346e+02   3.8012783e+01
  -1.2246975e+02   3.8005427e+01
  -1.2245424e+02   3.7997805e+01
  -1.2244534e+02   3.7985123e+01
  -1.2245124e+02   3.7980062e+01
  -1.2245954e+02   3.7981407e+01
  -1.2246922e+02   3.7982746e+01
  -1.2247436e+02   3.7976122e+01
  -1.2249254e+02   3.7969794e+01
  -1.2249356e+02   3.7958564e+01
  -1.2248371e+02   3.7948554e+01
  -1.2248035e+02   3.7941820e+01
  -1.2249167e+02   3.7935488e+01
  -1.2250359e+02   3.7940495e+01
  -1.2250422e+02   3.7934882e+01
  -1.2250344e+02   3.7924812e+01
  -1.2247623e+02   3.7915991e+01
  -1.2247255e+02   3.7911246e+01
  -1.2247429e+02   3.7905238e+01
  -1.2246006e+02   3.7895437e+01
  -1.2244900e+02   3.7893641e+01
  -1.2243880e+02   3.7882083e+01
  -1.2244795e+02   3.7873669e+01
  -1.2245473e+02   3.7872361e+01
  -1.2245946e+02   3.7871123e+01
  -1.2245901e+02   3.7862485e+01
  -1.2246952e+02   3.7867003e+01
  -1.2247334e+02   3.7874445e+01
  -1.2247226e+02   3.7879889e+01
  -1.2247605e+02   3.7886792e+01
  -1.2249014e+02   3.7893890e+01
  -1.2249903e+02   3.7893590e+01
  -1.2249649e+02   3.7884483e+01
  -1.2249474e+02   3.7877513e+01
  -1.2249928e+02   3.7872485e+01
  -1.2248931e+02   3.7864131e+01
  -1.2247805e+02   3.7859681e+01
  -1.2247977e+02   3.7853133e+01
  -1.2247649e+02   3.7843521e+01
  -1.2247039e+02   3.7831832e+01
  -1.2247756e+02   3.7825104e+01
  -1.2248784e+02   3.7825303e+01
  -1.2250264e+02   3.7820482e+01
  -1.2251180e+02   3.7824490e+01
  -1.2252259e+02   3.7821970e+01
  -1.2252843e+02   3.7816372e+01
  -1.2253795e+02   3.7827940e+01
  -1.2254790e+02   3.7834623e+01
  -1.2256369e+02   3.7848148e+01
  -1.2257370e+02   3.7855908e+01
  -1.2258834e+02   3.7860810e+01
  -1.2260130e+02   3.7873228e+01
  -1.2262073e+02   3.7877496e+01
  -1.2264520e+02   3.7898816e+01
  -1.2267239e+02   3.7906574e+01
  -1.2268597e+02   3.7903959e+01
  -1.2269667e+02   3.7899257e+01
  -1.2270038e+02   3.7892101e+01
  -1.2271318e+02   3.7900299e+01
  -1.2272774e+02   3.7903040e+01
  -1.2273420e+02   3.7920124e+01
  -1.2274864e+02   3.7932601e+01
  -1.2276535e+02   3.7937396e+01
  -1.2278024e+02   3.7948131e+01
  -1.2279600e+02   3.7975520e+01
  -1.2281055e+02   3.7985194e+01
  -1.2282143e+02   3.7997670e+01
  -1.2283940e+02   3.8006349e+01
  -1.2290684e+02   3.8031844e+01
  -1.2292111e+02   3.8034871e+01
  -1.2293270e+02   3.8049519e+01
  -1.2293212e+02   3.8058806e+01
  -1.2292014e+02   3.8065312e+01
  -1.2293541e+02   3.8070746e+01
  -1.2294156e+02   3.8064765e+01
  -1.2294848e+02   3.8060736e+01
  -1.2294710e+02   3.8054755e+01
  -1.2294689e+02   3.8045315e+01
  -1.2294249e+02   3.8041246e+01
  -1.2293609e+02   3.8030770e+01
  -1.2294937e+02   3.8029446e+01
  -1.2296338e+02   3.8025315e+01
  -1.2297907e+02   3.8014516e+01
  -1.2298403e+02   3.8003231e+01
  -1.2298033e+02   3.7998039e+01
  -1.2297177e+02   3.7996142e+01
  -1.2296250e+02   3.7992048e+01
  -1.2297423e+02   3.7990277e+01
  -1.2298448e+02   3.7992113e+01
  -1.2299755e+02   3.7993842e+01
  -1.2301782e+02   3.7993522e+01
  -1.2302745e+02   3.7994489e+01
  -1.2302162e+02   3.8000483e+01
  -1.2301600e+02   3.8000695e+01
  -1.2299073e+02   3.8048716e+01
  -1.2294965e+02   3.8143991e+01
  -1.2295029e+02   3.8164493e+01
  -1.2295551e+02   3.8176272e+01
  -1.2296495e+02   3.8182602e+01
  -1.2296479e+02   3.8198598e+01
  -1.2297384e+02   3.8208038e+01
  -1.2298305e+02   3.8220129e+01
  -1.2299323e+02   3.8229519e+01
  -1.2299630e+02   3.8242730e+01
  -1.2298525e+02   3.8237812e+01
  -1.2296482e+02   3.8217700e+01
  -1.2292557e+02   3.8175141e+01
  -1.2290728e+02   3.8152344e+01
  -1.2289151e+02   3.8130805e+01
  -1.2286876e+02   3.8110256e+01
  -1.2284337e+02   3.8091986e+01
  -1.2282567e+02   3.8072089e+01
  -1.2283226e+02   3.8095893e+01
  -1.2285043e+02   3.8110698e+01
  -1.2288842e+02   3.8154608e+01
  -1.2293554e+02   3.8215481e+01
  -1.2294400e+02   3.8219311e+01
  -1.2295066e+02   3.8217295e+01
  -1.2295434e+02   3.8231402e+01
  -1.2296457e+02   3.8232364e+01
  -1.2296882e+02   3.8237094e+01
  -1.2296852e+02   3.8250873e+01
  -1.2297454e+02   3.8266194e+01
  -1.2298712e+02   3.8277723e+01
  -1.2300228e+02   3.8294859e+01
  -1.2302952e+02   3.8312692e+01
  -1.2304646e+02   3.8312048e+01
  -1.2305170e+02   3.8305192e+01
  -1.2305289e+02   3.8298000e+01
  -1.2306244e+02   3.8295903e+01
  -1.2307597e+02   3.8322473e+01
  -1.2306839e+02   3.8346290e+01
  -1.2307093e+02   3.8359954e+01
  -1.2307904e+02   3.8372078e+01
  -1.2308703e+02   3.8391262e+01
  -1.2309581e+02   3.8395832e+01
  -1.2310206e+02   3.8412164e+01
  -1.2311276e+02   3.8420619e+01
  -1.2312458e+02   3.8437479e+01
  -1.2312873e+02   3.8449310e+01
  -1.2317092e+02   3.8479188e+01
  -1.2325266e+02   3.8510666e+01
  -1.2327256e+02   3.8528951e+01
  -1.2330455e+02   3.8549024e+01
  -1.2331532e+02   3.8557473e+01
  -1.2333698e+02   3.8567259e+01
  -1.2334167e+02   3.8586631e+01
  -1.2335599e+02   3.8597149e+01
  -1.2336589e+02   3.8600738e+01
  -1.2336949e+02   3.8612144e+01
  -1.2340110e+02   3.8642832e+01
  -1.2341398e+02   3.8666687e+01
  -1.2343246e+02   3.8677971e+01
  -1.2343361e+02   3.8686795e+01
  -1.2347410e+02   3.8721975e+01
  -1.2349246e+02   3.8736469e+01
  -1.2352329e+02   3.8746724e+01
  -1.2353764e+02   3.8772329e+01
  -1.2355885e+02   3.8782991e+01
  -1.2356623e+02   3.8795152e+01
  -1.2359417e+02   3.8805821e+01
  -1.2361647e+02   3.8827315e+01
  -1.2364831e+02   3.8849535e+01
  -1.2366306e+02   3.8872451e+01
  -1.2369756e+02   3.8900278e+01
  -1.2371167e+02   3.8914321e+01
  -1.2372624e+02   3.8918576e+01
  -1.2372730e+02   3.8933183e+01
  -1.2374261e+02   3.8955624e+01
  -1.2372524e+02   3.8960372e+01
  -1.2370393e+02   3.8990058e+01
  -1.2369609e+02   3.9007795e+01
  -1.2368908e+02   3.9027899e+01
  -1.2369131e+02   3.9038560e+01
  -1.2369515e+02   3.9059127e+01
  -1.2370384e+02   3.9083628e+01
  -1.2371288e+02   3.9106315e+01
  -1.2372165e+02   3.9133019e+01
  -1.2373780e+02   3.9143005e+01
  -1.2373555e+02   3.9159034e+01
  -1.2376785e+02   3.9194007e+01
  -1.2377790e+02   3.9222121e+01
  -1.2379054e+02   3.9269746e+01
  -1.2380326e+02   3.9278954e+01
  -1.2379747e+02   3.9297675e+01
  -1.2380639e+02   3.9304755e+01
  -1.2380600e+02   3.9324140e+01
  -1.2382492e+02   3.9347296e+01
  -1.2382057e+02   3.9405260e+01
  -1.2381651e+02   3.9443998e+01
  -1.2379864e+02   3.9490509e+01
  -1.2377636e+02   3.9529283e+01
  -1.2376977e+02   3.9544646e+01
  -1.2376944e+02   3.9563728e+01
  -1.2378683e+02   3.9596777e+01
  -1.2378648e+02   3.9655205e+01
  -1.2379038e+02   3.9666415e+01
  -1.2379058e+02   3.9677374e+01
  -1.2379597e+02   3.9691868e+01
  -1.2380293e+02   3.9702513e+01
  -1.2380857e+02   3.9711798e+01
  -1.2382382e+02   3.9717762e+01
  -1.2383002e+02   3.9726514e+01
  -1.2383056e+02   3.9741848e+01
  -1.2383756e+02   3.9761602e+01
  -1.2383728e+02   3.9782944e+01
  -1.2384473e+02   3.9808299e+01
  -1.2385402e+02   3.9833514e+01
  -1.2388018e+02   3.9844271e+01
  -1.2390772e+02   3.9865867e+01
  -1.2393070e+02   3.9908018e+01
  -1.2395555e+02   3.9924506e+01
  -1.2397895e+02   3.9962896e+01
  -1.2400124e+02   3.9978083e+01
  -1.2402271e+02   4.0002135e+01
  -1.2403346e+02   4.0012126e+01
  -1.2404515e+02   4.0018727e+01
  -1.2405852e+02   4.0023796e+01
  -1.2406333e+02   4.0022597e+01
  -1.2406937e+02   4.0021333e+01
  -1.2407605e+02   4.0027217e+01
  -1.2408041e+02   4.0035560e+01
  -1.2408048e+02   4.0059789e+01
  -1.2408744e+02   4.0077515e+01
  -1.2411579e+02   4.0107123e+01
  -1.2413825e+02   4.0115926e+01
  -1.2418532e+02   4.0129551e+01
  -1.2422000e+02   4.0165152e+01
  -1.2425642e+02   4.0184415e+01
  -1.2431938e+02   4.0224613e+01
  -1.2432715e+02   4.0237040e+01
  -1.2434258e+02   4.0242037e+01
  -1.2436351e+02   4.0261481e+01
  -1.2436014e+02   4.0281567e+01
  -1.2434828e+02   4.0318907e+01
  -1.2436478e+02   4.0344683e+01
  -1.2436621e+02   4.0377451e+01
  -1.2439811e+02   4.0415836e+01
  -1.2440920e+02   4.0443818e+01
  -1.2439596e+02   4.0465363e+01
  -1.2438803e+02   4.0483295e+01
  -1.2438378e+02   4.0500100e+01
  -1.2438583e+02   4.0509515e+01
  -1.2437000e+02   4.0536890e+01
  -1.2435798e+02   4.0563056e+01
  -1.2434996e+02   4.0577786e+01
  -1.2432209e+02   4.0617377e+01
  -1.2431949e+02   4.0628648e+01
  -1.2431725e+02   4.0632066e+01
  -1.2431404e+02   4.0634589e+01
  -1.2431013e+02   4.0635484e+01
  -1.2430578e+02   4.0637397e+01
  -1.2430769e+02   4.0641588e+01
  -1.2431163e+02   4.0646226e+01
  -1.2430762e+02   4.0652825e+01
  -1.2429266e+02   4.0676823e+01
  -1.2427387e+02   4.0700047e+01
  -1.2425255e+02   4.0734768e+01
  -1.2423974e+02   4.0758709e+01
  -1.2423089e+02   4.0750081e+01
  -1.2424729e+02   4.0727912e+01
  -1.2425848e+02   4.0706883e+01
  -1.2425950e+02   4.0698410e+01
  -1.2424804e+02   4.0693264e+01
  -1.2423437e+02   4.0691900e+01
  -1.2422576e+02   4.0686123e+01
  -1.2422170e+02   4.0690111e+01
  -1.2422462e+02   4.0695202e+01
  -1.2422169e+02   4.0697714e+01
  -1.2421384e+02   4.0701402e+01
  -1.2421324e+02   4.0709511e+01
  -1.2422178e+02   4.0722432e+01
  -1.2421743e+02   4.0730718e+01
  -1.2422045e+02   4.0737238e+01
  -1.2421330e+02   4.0741851e+01
  -1.2420290e+02   4.0745186e+01
  -1.2419861e+02   4.0754425e+01
  -1.2420108e+02   4.0761927e+01
  -1.2419824e+02   4.0769041e+01
  -1.2419159e+02   4.0772839e+01
  -1.2418891e+02   4.0790574e+01
  -1.2418274e+02   4.0799903e+01
  -1.2417550e+02   4.0803562e+01
  -1.2416381e+02   4.0806467e+01
  -1.2414587e+02   4.0809649e+01
  -1.2413690e+02   4.0807191e+01
  -1.2412186e+02   4.0807383e+01
  -1.2410919e+02   4.0814151e+01
  -1.2408740e+02   4.0825156e+01
  -1.2408248e+02   4.0843502e+01
  -1.2408446e+02   4.0848375e+01
  -1.2409382e+02   4.0853990e+01
  -1.2410180e+02   4.0858444e+01
  -1.2410847e+02   4.0854807e+01
  -1.2411897e+02   4.0851947e+01
  -1.2412607e+02   4.0854002e+01
  -1.2413143e+02   4.0858039e+01
  -1.2413755e+02   4.0863947e+01
  -1.2415132e+02   4.0863321e+01
  -1.2415497e+02   4.0861727e+01
  -1.2415664e+02   4.0851181e+01
  -1.2416661e+02   4.0842160e+01
  -1.2417041e+02   4.0826757e+01
  -1.2418397e+02   4.0815663e+01
  -1.2419360e+02   4.0802370e+01
  -1.2419974e+02   4.0784853e+01
  -1.2422329e+02   4.0757096e+01
  -1.2423284e+02   4.0766643e+01
  -1.2421685e+02   4.0786422e+01
  -1.2417658e+02   4.0847754e+01
  -1.2413376e+02   4.0936399e+01
  -1.2412068e+02   4.0978954e+01
  -1.2411041e+02   4.1015253e+01
  -1.2411141e+02   4.1041660e+01
  -1.2411703e+02   4.1048247e+01
  -1.2412733e+02   4.1049531e+01
  -1.2413457e+02   4.1047949e+01
  -1.2414293e+02   4.1053127e+01
  -1.2414688e+02   4.1060165e+01
  -1.2414930e+02   4.1075957e+01
  -1.2415528e+02   4.1086812e+01
  -1.2416063e+02   4.1099351e+01
  -1.2416028e+02   4.1113563e+01
  -1.2416405e+02   4.1132220e+01
  -1.2416289e+02   4.1139080e+01
  -1.2415633e+02   4.1142352e+01
  -1.2414769e+02   4.1140948e+01
  -1.2414347e+02   4.1144992e+01
  -1.2412426e+02   4.1181809e+01
  -1.2411327e+02   4.1221177e+01
  -1.2409093e+02   4.1289455e+01
  -1.2408218e+02   4.1341783e+01
  -1.2406781e+02   4.1398921e+01
  -1.2406216e+02   4.1435876e+01
  -1.2407608e+02   4.1489976e+01
  -1.2408202e+02   4.1521470e+01
  -1.2406835e+02   4.1539252e+01
  -1.2407893e+02   4.1543362e+01
  -1.2408869e+02   4.1549140e+01
  -1.2409691e+02   4.1556830e+01
  -1.2410310e+02   4.1566555e+01
  -1.2410387e+02   4.1576117e+01
  -1.2410277e+02   4.1602607e+01
  -1.2410652e+02   4.1608100e+01
  -1.2411498e+02   4.1617865e+01
  -1.2412658e+02   4.1640082e+01
  -1.2413988e+02   4.1664293e+01
  -1.2413850e+02   4.1679755e+01
  -1.2414578e+02   4.1706381e+01
  -1.2415946e+02   4.1736675e+01
  -1.2417729e+02   4.1743600e+01
  -1.2418792e+02   4.1746991e+01
  -1.2419631e+02   4.1744033e+01
  -1.2420111e+02   4.1739305e+01
  -1.2423236e+02   4.1762363e+01
  -1.2426290e+02   4.1776428e+01
  -1.2426046e+02   4.1788783e+01
  -1.2424792e+02   4.1793874e+01
  -1.2423396e+02   4.1813206e+01
  -1.2421884e+02   4.1850006e+01
  -1.2421096e+02   4.1891010e+01
  -1.2420222e+02   4.1960395e+01
  -1.2420368e+02   4.1971177e+01
  -1.2420788e+02   4.1981513e+01
-120.0146484375 41.967659203678
