  -1.1575283e+02   3.3383876e+01
  -1.1575283e+02   3.3383876e+01
  -1.1579378e+02   3.3417648e+01
  -1.1579378e+02   3.3417648e+01
  -1.1583476e+02   3.3451407e+01
  -1.1583476e+02   3.3451407e+01
  -1.1587576e+02   3.3485153e+01
  -1.1587576e+02   3.3485153e+01
  -1.1591681e+02   3.3518885e+01
  -1.1591681e+02   3.3518885e+01
  -1.1595788e+02   3.3552603e+01
  -1.1595788e+02   3.3552603e+01
  -1.1599898e+02   3.3586308e+01
  -1.1599898e+02   3.3586308e+01
  -1.1604012e+02   3.3619999e+01
  -1.1604012e+02   3.3619999e+01
  -1.1608129e+02   3.3653677e+01
  -1.1608129e+02   3.3653677e+01
  -1.1612249e+02   3.3687340e+01
  -1.1612249e+02   3.3687340e+01
  -1.1616373e+02   3.3720991e+01
  -1.1616373e+02   3.3720991e+01
  -1.1620499e+02   3.3754627e+01
  -1.1620499e+02   3.3754627e+01
  -1.1624629e+02   3.3788250e+01
  -1.1624629e+02   3.3788250e+01
  -1.1624629e+02   3.3788250e+01
  -1.1631307e+02   3.3817719e+01
  -1.1631307e+02   3.3817719e+01
  -1.1631515e+02   3.3843374e+01
  -1.1631515e+02   3.3843374e+01
  -1.1631598e+02   3.3844032e+01
  -1.1637990e+02   3.3847152e+01
  -1.1637990e+02   3.3847152e+01
  -1.1638301e+02   3.3848518e+01
  -1.1639345e+02   3.3889016e+01
  -1.1639345e+02   3.3889016e+01
  -1.1642244e+02   3.3905820e+01
  -1.1646648e+02   3.3933125e+01
  -1.1647040e+02   3.3936205e+01
  -1.1647040e+02   3.3936205e+01
  -1.1651589e+02   3.3971841e+01
  -1.1654181e+02   3.3989072e+01
  -1.1654181e+02   3.3989072e+01
  -1.1656226e+02   3.4002651e+01
  -1.1662626e+02   3.4025419e+01
  -1.1662626e+02   3.4025419e+01
  -1.1665111e+02   3.4034248e+01
  -1.1671610e+02   3.4053055e+01
  -1.1671610e+02   3.4053055e+01
  -1.1675115e+02   3.4063181e+01
  -1.1680920e+02   3.4070827e+01
  -1.1680920e+02   3.4070827e+01
  -1.1683987e+02   3.4074855e+01
  -1.1690430e+02   3.4081078e+01
  -1.1690430e+02   3.4081078e+01
  -1.1693939e+02   3.4084453e+01
  -1.1697539e+02   3.4059997e+01
  -1.1697539e+02   3.4059997e+01
  -1.1701390e+02   3.4073768e+01
  -1.1703727e+02   3.4082040e+01
  -1.1703727e+02   3.4082040e+01
  -1.1706767e+02   3.4092795e+01
  -1.1708495e+02   3.4117338e+01
  -1.1709031e+02   3.4118886e+01
  -1.1709031e+02   3.4118886e+01
  -1.1709898e+02   3.4104426e+01
  -1.1709898e+02   3.4104426e+01
  -1.1714295e+02   3.4134071e+01
  -1.1716049e+02   3.4127242e+01
  -1.1716049e+02   3.4127242e+01
  -1.1718204e+02   3.4141966e+01
  -1.1718204e+02   3.4141966e+01
  -1.1722202e+02   3.4150027e+01
  -1.1722202e+02   3.4150027e+01
  -1.1722202e+02   3.4150027e+01
  -1.1727021e+02   3.4171718e+01
  -1.1727416e+02   3.4173137e+01
  -1.1727827e+02   3.4175283e+01
  -1.1727827e+02   3.4175283e+01
  -1.1733243e+02   3.4203535e+01
  -1.1733243e+02   3.4203535e+01
  -1.1738662e+02   3.4231764e+01
  -1.1738662e+02   3.4231764e+01
  -1.1738869e+02   3.4232843e+01
  -1.1743825e+02   3.4263117e+01
  -1.1743825e+02   3.4263117e+01
  -1.1745100e+02   3.4270900e+01
  -1.1749307e+02   3.4290406e+01
  -1.1749307e+02   3.4290406e+01
  -1.1754900e+02   3.4316300e+01
  -1.1754900e+02   3.4316300e+01
  -1.1761209e+02   3.4343072e+01
  -1.1761209e+02   3.4343072e+01
  -1.1767523e+02   3.4369812e+01
  -1.1767523e+02   3.4369812e+01
  -1.1773841e+02   3.4396520e+01
  -1.1773841e+02   3.4396520e+01
  -1.1775358e+02   3.4402927e+01
  -1.1780177e+02   3.4422951e+01
  -1.1780177e+02   3.4422951e+01
  -1.1786522e+02   3.4449272e+01
  -1.1786522e+02   3.4449272e+01
  -1.1792872e+02   3.4475560e+01
  -1.1792872e+02   3.4475560e+01
  -1.1799225e+02   3.4501815e+01
  -1.1799225e+02   3.4501815e+01
  -1.1805582e+02   3.4528037e+01
  -1.1805582e+02   3.4528037e+01
  -1.1810394e+02   3.4547849e+01
  -1.1811971e+02   3.4553753e+01
  -1.1811971e+02   3.4553753e+01
  -1.1818449e+02   3.4577962e+01
  -1.1818449e+02   3.4577962e+01
  -1.1824931e+02   3.4602137e+01
  -1.1824931e+02   3.4602137e+01
  -1.1831416e+02   3.4626278e+01
  -1.1831416e+02   3.4626278e+01
  -1.1837905e+02   3.4650385e+01
  -1.1837905e+02   3.4650385e+01
  -1.1844398e+02   3.4674457e+01
  -1.1844398e+02   3.4674457e+01
  -1.1850895e+02   3.4698495e+01
  -1.1850895e+02   3.4698495e+01
  -1.1858504e+02   3.4720580e+01
  -1.1858504e+02   3.4720580e+01
  -1.1866116e+02   3.4742618e+01
  -1.1866116e+02   3.4742618e+01
  -1.1873733e+02   3.4764609e+01
  -1.1873733e+02   3.4764609e+01
  -1.1876731e+02   3.4773248e+01
  -1.1881363e+02   3.4786343e+01
  -1.1881363e+02   3.4786343e+01
  -1.1888764e+02   3.4807221e+01
  -1.1889012e+02   3.4807599e+01
  -1.1889012e+02   3.4807599e+01
  -1.1896669e+02   3.4819304e+01
  -1.1896669e+02   3.4819304e+01
  -1.1903009e+02   3.4828957e+01
  -1.1904315e+02   3.4831503e+01
  -1.1904315e+02   3.4831503e+01
  -1.1911896e+02   3.4846254e+01
  -1.1911896e+02   3.4846254e+01
  -1.1919479e+02   3.4860958e+01
  -1.1919479e+02   3.4860958e+01
  -1.1921000e+02   3.4863900e+01
  -1.1926758e+02   3.4883448e+01
  -1.1926758e+02   3.4883448e+01
  -1.1933964e+02   3.4907860e+01
  -1.1933964e+02   3.4907860e+01
  -1.1936286e+02   3.4915714e+01
  -1.1940287e+02   3.4944060e+01
  -1.1940290e+02   3.4944100e+01
  -1.1946673e+02   3.4985001e+01
  -1.1946673e+02   3.4985001e+01
  -1.1947110e+02   3.4987800e+01
  -1.1952903e+02   3.5027479e+01
  -1.1952903e+02   3.5027479e+01
  -1.1955830e+02   3.5047500e+01
  -1.1958972e+02   3.5071492e+01
  -1.1958972e+02   3.5071492e+01
  -1.1964909e+02   3.5116764e+01
  -1.1964909e+02   3.5116764e+01
  -1.1970680e+02   3.5160700e+01
  -1.1970832e+02   3.5162165e+01
  -1.1970832e+02   3.5162165e+01
  -1.1976078e+02   3.5212866e+01
  -1.1976078e+02   3.5212866e+01
  -1.1981331e+02   3.5263545e+01
  -1.1981331e+02   3.5263545e+01
  -1.1986590e+02   3.5314200e+01
  -1.1986595e+02   3.5314166e+01
  -1.1990663e+02   3.5353088e+01
  -1.1990663e+02   3.5353088e+01
  -1.1994735e+02   3.5391997e+01
  -1.1994735e+02   3.5391997e+01
  -1.1997030e+02   3.5413909e+01
  -1.1998734e+02   3.5431406e+01
  -1.1998734e+02   3.5431406e+01
  -1.2002638e+02   3.5471463e+01
  -1.2002638e+02   3.5471463e+01
  -1.2006546e+02   3.5511508e+01
  -1.2006546e+02   3.5511508e+01
  -1.2008676e+02   3.5533307e+01
  -1.2010452e+02   3.5551580e+01
  -1.2010452e+02   3.5551580e+01
  -1.2014355e+02   3.5591685e+01
  -1.2014355e+02   3.5591685e+01
  -1.2018261e+02   3.5631778e+01
  -1.2018261e+02   3.5631778e+01
  -1.2022172e+02   3.5671859e+01
  -1.2022172e+02   3.5671859e+01
  -1.2026086e+02   3.5711927e+01
  -1.2026086e+02   3.5711927e+01
  -1.2030005e+02   3.5751982e+01
  -1.2030005e+02   3.5751982e+01
  -1.2033256e+02   3.5783346e+01
  -1.2033256e+02   3.5783346e+01
  -1.2036510e+02   3.5814701e+01
  -1.2036510e+02   3.5814701e+01
  -1.2039767e+02   3.5846047e+01
  -1.2039767e+02   3.5846047e+01
  -1.2043026e+02   3.5877385e+01
  -1.2043026e+02   3.5877385e+01
  -1.2046288e+02   3.5908714e+01
  -1.2046288e+02   3.5908714e+01
  -1.2049552e+02   3.5940034e+01
  -1.2049552e+02   3.5940034e+01
  -1.2052819e+02   3.5971345e+01
  -1.2052819e+02   3.5971345e+01
  -1.2056089e+02   3.6002647e+01
  -1.2056133e+02   3.6002640e+01
  -1.2060302e+02   3.6042172e+01
  -1.2060302e+02   3.6042172e+01
  -1.2064475e+02   3.6081690e+01
  -1.2064475e+02   3.6081690e+01
  -1.2066954e+02   3.6105140e+01
  -1.2068778e+02   3.6120265e+01
  -1.2068778e+02   3.6120265e+01
  -1.2073269e+02   3.6157470e+01
  -1.2073269e+02   3.6157470e+01
  -1.2073885e+02   3.6162570e+01
  -1.2077597e+02   3.6195921e+01
  -1.2077597e+02   3.6195921e+01
  -1.2081903e+02   3.6234557e+01
  -1.2081903e+02   3.6234557e+01
  -1.2082808e+02   3.6242670e+01
  -1.2085981e+02   3.6274767e+01
  -1.2085981e+02   3.6274767e+01
  -1.2088991e+02   3.6305190e+01
  -1.2090006e+02   3.6315354e+01
  -1.2090006e+02   3.6315354e+01
  -1.2094050e+02   3.6355830e+01
  -1.2094050e+02   3.6355830e+01
  -1.2098098e+02   3.6396292e+01
  -1.2098098e+02   3.6396292e+01
  -1.2100091e+02   3.6416190e+01
  -1.2102158e+02   3.6436691e+01
  -1.2102158e+02   3.6436691e+01
  -1.2106230e+02   3.6477027e+01
  -1.2106230e+02   3.6477027e+01
  -1.2108632e+02   3.6500790e+01
  -1.2110374e+02   3.6516895e+01
  -1.2110374e+02   3.6516895e+01
  -1.2114618e+02   3.6556097e+01
  -1.2114618e+02   3.6556097e+01
  -1.2116568e+02   3.6574090e+01
  -1.2118993e+02   3.6594353e+01
  -1.2118993e+02   3.6594353e+01
  -1.2120964e+02   3.6610810e+01
  -1.2123458e+02   3.6631973e+01
  -1.2123458e+02   3.6631973e+01
  -1.2127910e+02   3.6669709e+01
  -1.2127910e+02   3.6669709e+01
  -1.2130703e+02   3.6693360e+01
  -1.2132491e+02   3.6706408e+01
  -1.2132491e+02   3.6706408e+01
  -1.2137001e+02   3.6739300e+01
  -1.2137307e+02   3.6741166e+01
  -1.2137307e+02   3.6741166e+01
  -1.2142469e+02   3.6772619e+01
  -1.2142469e+02   3.6772619e+01
  -1.2147635e+02   3.6804050e+01
  -1.2147635e+02   3.6804050e+01
  -1.2152059e+02   3.6834800e+01
  -1.2153499e+02   3.6845277e+01
  -1.2153499e+02   3.6845277e+01
  -1.2159278e+02   3.6887289e+01
  -1.2159278e+02   3.6887289e+01
  -1.2161674e+02   3.6904680e+01
  -1.2165335e+02   3.6926656e+01
  -1.2165335e+02   3.6926656e+01
  -1.2166466e+02   3.6933440e+01
  -1.2170940e+02   3.6970050e+01
  -1.2170940e+02   3.6970050e+01
  -1.2173022e+02   3.6987070e+01
  -1.2175910e+02   3.7018119e+01
  -1.2175910e+02   3.7018119e+01
  -1.2176410e+02   3.7023490e+01
  -1.2181965e+02   3.7057342e+01
  -1.2181965e+02   3.7057342e+01
  -1.2181994e+02   3.7057520e+01
  -1.2188405e+02   3.7092873e+01
  -1.2188405e+02   3.7092873e+01
  -1.2188688e+02   3.7094430e+01
  -1.2194272e+02   3.7134247e+01
  -1.2194272e+02   3.7134247e+01
  -1.2197604e+02   3.7157970e+01
  -1.2200197e+02   3.7175140e+01
  -1.2200197e+02   3.7175140e+01
  -1.2204840e+02   3.7217220e+01
  -1.2204840e+02   3.7217220e+01
  -1.2205407e+02   3.7222350e+01
  -1.2209460e+02   3.7259485e+01
  -1.2209460e+02   3.7259485e+01
  -1.2211594e+02   3.7279020e+01
  -1.2214343e+02   3.7299760e+01
  -1.2214343e+02   3.7299760e+01
  -1.2216575e+02   3.7316590e+01
  -1.2219097e+02   3.7340961e+01
  -1.2219097e+02   3.7340961e+01
  -1.2220213e+02   3.7351740e+01
  -1.2223280e+02   3.7386024e+01
  -1.2223280e+02   3.7386024e+01
  -1.2226628e+02   3.7423410e+01
  -1.2227412e+02   3.7431419e+01
  -1.2227412e+02   3.7431419e+01
  -1.2231744e+02   3.7475648e+01
  -1.2231744e+02   3.7475648e+01
  -1.2235596e+02   3.7514920e+01
  -1.2236027e+02   3.7520166e+01
  -1.2236027e+02   3.7520166e+01
  -1.2239886e+02   3.7567099e+01
  -1.2239886e+02   3.7567099e+01
  -1.2243749e+02   3.7614020e+01
  -1.2243749e+02   3.7614020e+01
  -1.2244534e+02   3.7623540e+01
  -1.2248136e+02   3.7657899e+01
  -1.2248136e+02   3.7657899e+01
  -1.2249474e+02   3.7665229e+01
  -1.2249595e+02   3.7627374e+01
  -1.2250170e+02   3.7606944e+01
  -1.2250323e+02   3.7601463e+01
  -1.2250760e+02   3.7597698e+01
  -1.2251309e+02   3.7597844e+01
  -1.2251747e+02   3.7594473e+01
  -1.2252242e+02   3.7593217e+01
  -1.2251904e+02   3.7589714e+01
  -1.2252003e+02   3.7574125e+01
  -1.2251476e+02   3.7560893e+01
  -1.2251757e+02   3.7545266e+01
  -1.2252047e+02   3.7531421e+01
  -1.2251203e+02   3.7510003e+01
  -1.2250107e+02   3.7501329e+01
  -1.2249926e+02   3.7493066e+01
  -1.2249528e+02   3.7495371e+01
  -1.2249421e+02   3.7500839e+01
  -1.2248610e+02   3.7502556e+01
  -1.2247927e+02   3.7502783e+01
  -1.2246325e+02   3.7496649e+01
  -1.2244916e+02   3.7476655e+01
  -1.2244445e+02   3.7437519e+01
  -1.2242919e+02   3.7407271e+01
  -1.2241157e+02   3.7374931e+01
  -1.2240874e+02   3.7364172e+01
  -1.2240034e+02   3.7359741e+01
  -1.2240252e+02   3.7340504e+01
  -1.2240741e+02   3.7294984e+01
  -1.2241015e+02   3.7268845e+01
  -1.2241836e+02   3.7252310e+01
  -1.2241650e+02   3.7233920e+01
  -1.2241070e+02   3.7226871e+01
  -1.2240787e+02   3.7216117e+01
  -1.2240446e+02   3.7194526e+01
  -1.2239611e+02   3.7181860e+01
  -1.2238341e+02   3.7182271e+01
  -1.2236935e+02   3.7174020e+01
  -1.2236104e+02   3.7162356e+01
  -1.2235953e+02   3.7150485e+01
  -1.2233785e+02   3.7134902e+01
  -1.2233929e+02   3.7118582e+01
  -1.2232766e+02   3.7112808e+01
  -1.2231873e+02   3.7115617e+01
  -1.2230835e+02   3.7116675e+01
  -1.2229766e+02   3.7111227e+01
  -1.2229006e+02   3.7104236e+01
  -1.2228103e+02   3.7096583e+01
  -1.2226604e+02   3.7076456e+01
  -1.2225380e+02   3.7059123e+01
  -1.2222795e+02   3.7040060e+01
  -1.2222212e+02   3.7024295e+01
  -1.2220792e+02   3.7019273e+01
  -1.2217759e+02   3.6995105e+01
  -1.2215364e+02   3.6977075e+01
  -1.2214224e+02   3.6975251e+01
  -1.2213499e+02   3.6965726e+01
  -1.2212084e+02   3.6963256e+01
  -1.2210600e+02   3.6955755e+01
  -1.2208090e+02   3.6951463e+01
  -1.2206087e+02   3.6948813e+01
  -1.2204679e+02   3.6948157e+01
  -1.2203482e+02   3.6953213e+01
  -1.2202519e+02   3.6950974e+01
  -1.2202408e+02   3.6956070e+01
  -1.2202516e+02   3.6959653e+01
  -1.2202121e+02   3.6962668e+01
  -1.2200670e+02   3.6962378e+01
  -1.2199397e+02   3.6959866e+01
  -1.2197424e+02   3.6955199e+01
  -1.2196357e+02   3.6959490e+01
  -1.2195277e+02   3.6971008e+01
  -1.2193724e+02   3.6978307e+01
  -1.2190560e+02   3.6969126e+01
  -1.2188712e+02   3.6954901e+01
  -1.2185993e+02   3.6927476e+01
  -1.2180425e+02   3.6836018e+01
  -1.2178981e+02   3.6806199e+01
  -1.2179816e+02   3.6779907e+01
  -1.2179242e+02   3.6730868e+01
  -1.2176374e+02   3.6722073e+01
  -1.2176127e+02   3.6730286e+01
  -1.2176644e+02   3.6735208e+01
  -1.2177021e+02   3.6739083e+01
  -1.2177511e+02   3.6737500e+01
  -1.2178371e+02   3.6737984e+01
  -1.2179019e+02   3.6741781e+01
  -1.2179490e+02   3.6746352e+01
  -1.2180320e+02   3.6750459e+01
  -1.2180536e+02   3.6737739e+01
  -1.2180993e+02   3.6718817e+01
  -1.2181426e+02   3.6683238e+01
  -1.2182706e+02   3.6656200e+01
  -1.2183793e+02   3.6635612e+01
  -1.2185387e+02   3.6619614e+01
  -1.2187000e+02   3.6607212e+01
  -1.2187884e+02   3.6602614e+01
  -1.2188742e+02   3.6601994e+01
  -1.2189594e+02   3.6612611e+01
  -1.2190215e+02   3.6620752e+01
  -1.2191314e+02   3.6624412e+01
  -1.2192055e+02   3.6628898e+01
  -1.2192121e+02   3.6633581e+01
  -1.2192953e+02   3.6638040e+01
  -1.2193769e+02   3.6639249e+01
  -1.2194153e+02   3.6634434e+01
  -1.2194252e+02   3.6626448e+01
  -1.2194664e+02   3.6618007e+01
  -1.2195033e+02   3.6609938e+01
  -1.2195638e+02   3.6614104e+01
  -1.2195986e+02   3.6611473e+01
  -1.2196387e+02   3.6600501e+01
  -1.2196664e+02   3.6592101e+01
  -1.2196722e+02   3.6585213e+01
  -1.2197393e+02   3.6584291e+01
  -1.2198112e+02   3.6583717e+01
  -1.2197800e+02   3.6574767e+01
  -1.2197008e+02   3.6568854e+01
  -1.2195389e+02   3.6559565e+01
  -1.2195089e+02   3.6562909e+01
  -1.2194648e+02   3.6564848e+01
  -1.2194280e+02   3.6563146e+01
  -1.2194034e+02   3.6558517e+01
  -1.2193462e+02   3.6561225e+01
  -1.2193253e+02   3.6555129e+01
  -1.2193127e+02   3.6547210e+01
  -1.2193563e+02   3.6544188e+01
  -1.2193312e+02   3.6538475e+01
  -1.2192994e+02   3.6537846e+01
  -1.2192830e+02   3.6531380e+01
  -1.2192753e+02   3.6523852e+01
  -1.2194006e+02   3.6522816e+01
  -1.2194820e+02   3.6523662e+01
  -1.2195536e+02   3.6522728e+01
  -1.2195693e+02   3.6517618e+01
  -1.2194957e+02   3.6514218e+01
  -1.2194227e+02   3.6511901e+01
  -1.2194424e+02   3.6505695e+01
  -1.2194321e+02   3.6502832e+01
  -1.2194248e+02   3.6496705e+01
  -1.2194631e+02   3.6491891e+01
  -1.2194470e+02   3.6486152e+01
  -1.2193804e+02   3.6468265e+01
  -1.2193151e+02   3.6463031e+01
  -1.2193022e+02   3.6454603e+01
  -1.2192901e+02   3.6447786e+01
  -1.2191835e+02   3.6430327e+01
  -1.2191533e+02   3.6423194e+01
  -1.2191767e+02   3.6415549e+01
  -1.2191443e+02   3.6403036e+01
  -1.2190827e+02   3.6396371e+01
  -1.2190612e+02   3.6388478e+01
  -1.2190417e+02   3.6384537e+01
  -1.2190613e+02   3.6377140e+01
  -1.2190584e+02   3.6371752e+01
  -1.2190365e+02   3.6362116e+01
  -1.2190107e+02   3.6352760e+01
  -1.2189786e+02   3.6343868e+01
  -1.2189359e+02   3.6338568e+01
  -1.2189372e+02   3.6332058e+01
  -1.2189713e+02   3.6327981e+01
  -1.2189563e+02   3.6313929e+01
  -1.2189966e+02   3.6304400e+01
  -1.2188101e+02   3.6299506e+01
  -1.2187361e+02   3.6290025e+01
  -1.2186319e+02   3.6283189e+01
  -1.2185220e+02   3.6279446e+01
  -1.2184542e+02   3.6272400e+01
  -1.2184008e+02   3.6259345e+01
  -1.2183560e+02   3.6249172e+01
  -1.2182486e+02   3.6239203e+01
  -1.2181037e+02   3.6232397e+01
  -1.2179886e+02   3.6234480e+01
  -1.2178144e+02   3.6226326e+01
  -1.2175395e+02   3.6211547e+01
  -1.2172914e+02   3.6198145e+01
  -1.2170388e+02   3.6182217e+01
  -1.2169358e+02   3.6171656e+01
  -1.2167792e+02   3.6162675e+01
  -1.2165776e+02   3.6142647e+01
  -1.2164266e+02   3.6123550e+01
  -1.2163016e+02   3.6113057e+01
  -1.2161822e+02   3.6084429e+01
  -1.2160644e+02   3.6071505e+01
  -1.2159452e+02   3.6064233e+01
  -1.2159266e+02   3.6050570e+01
  -1.2158224e+02   3.6036027e+01
  -1.2156674e+02   3.6020117e+01
  -1.2154108e+02   3.6015013e+01
  -1.2152257e+02   3.6010071e+01
  -1.2150668e+02   3.6003260e+01
  -1.2148998e+02   3.5982245e+01
  -1.2148690e+02   3.5965828e+01
  -1.2148223e+02   3.5948976e+01
  -1.2147838e+02   3.5931582e+01
  -1.2147225e+02   3.5913569e+01
  -1.2146272e+02   3.5903713e+01
  -1.2146320e+02   3.5886731e+01
  -1.2144203e+02   3.5869222e+01
  -1.2142554e+02   3.5858420e+01
  -1.2141335e+02   3.5854746e+01
  -1.2140893e+02   3.5844021e+01
  -1.2138712e+02   3.5821432e+01
  -1.2136801e+02   3.5810361e+01
  -1.2133723e+02   3.5786529e+01
  -1.2132307e+02   3.5764553e+01
  -1.2131459e+02   3.5713724e+01
  -1.2130902e+02   3.5707709e+01
  -1.2129841e+02   3.5697489e+01
  -1.2128847e+02   3.5681458e+01
  -1.2128831e+02   3.5664830e+01
  -1.2126915e+02   3.5664211e+01
  -1.2125199e+02   3.5657394e+01
  -1.2123400e+02   3.5652038e+01
  -1.2121650e+02   3.5647748e+01
  -1.2119503e+02   3.5632336e+01
  -1.2119153e+02   3.5633865e+01
  -1.2119307e+02   3.5639616e+01
  -1.2118737e+02   3.5641921e+01
  -1.2116940e+02   3.5636919e+01
  -1.2115911e+02   3.5627235e+01
  -1.2114328e+02   3.5605043e+01
  -1.2113087e+02   3.5600701e+01
  -1.2110181e+02   3.5549667e+01
  -1.2106831e+02   3.5517869e+01
  -1.2103698e+02   3.5489203e+01
  -1.2100536e+02   3.5460657e+01
  -1.2098277e+02   3.5459988e+01
  -1.2096347e+02   3.5456651e+01
  -1.2094619e+02   3.5446285e+01
  -1.2090818e+02   3.5448244e+01
  -1.2088732e+02   3.5432929e+01
  -1.2087908e+02   3.5420093e+01
  -1.2087110e+02   3.5405308e+01
  -1.2085207e+02   3.5367051e+01
  -1.2086026e+02   3.5373803e+01
  -1.2086675e+02   3.5370993e+01
  -1.2086224e+02   3.5361905e+01
  -1.2084324e+02   3.5324348e+01
  -1.2084206e+02   3.5331670e+01
  -1.2083140e+02   3.5336088e+01
  -1.2083583e+02   3.5342913e+01
  -1.2084156e+02   3.5345867e+01
  -1.2085381e+02   3.5347529e+01
  -1.2086783e+02   3.5330392e+01
  -1.2085739e+02   3.5326765e+01
  -1.2085558e+02   3.5321519e+01
  -1.2088707e+02   3.5285935e+01
  -1.2089559e+02   3.5273514e+01
  -1.2089765e+02   3.5249766e+01
  -1.2088610e+02   3.5233791e+01
  -1.2087668e+02   3.5223790e+01
  -1.2084979e+02   3.5202913e+01
  -1.2079084e+02   3.5179023e+01
  -1.2076553e+02   3.5160242e+01
  -1.2075944e+02   3.5159215e+01
  -1.2075535e+02   3.5163124e+01
  -1.2075561e+02   3.5171922e+01
  -1.2074967e+02   3.5177397e+01
  -1.2072385e+02   3.5175226e+01
  -1.2070637e+02   3.5174221e+01
  -1.2069807e+02   3.5169135e+01
  -1.2067903e+02   3.5153062e+01
  -1.2067116e+02   3.5150226e+01
  -1.2065855e+02   3.5150480e+01
  -1.2065294e+02   3.5144232e+01
  -1.2064489e+02   3.5139390e+01
  -1.2063573e+02   3.5108588e+01
  -1.2063073e+02   3.5073879e+01
  -1.2063370e+02   3.5035102e+01
  -1.2064238e+02   3.5000873e+01
  -1.2066620e+02   3.4931769e+01
  -1.2067284e+02   3.4907521e+01
  -1.2066765e+02   3.4898848e+01
  -1.2065497e+02   3.4901186e+01
  -1.2064461e+02   3.4895113e+01
  -1.2064025e+02   3.4879218e+01
  -1.2063256e+02   3.4871405e+01
  -1.2062219e+02   3.4867300e+01
  -1.2061557e+02   3.4858003e+01
  -1.2061741e+02   3.4843632e+01
  -1.2061921e+02   3.4819206e+01
  -1.2062992e+02   3.4781933e+01
  -1.2064025e+02   3.4758531e+01
  -1.2062759e+02   3.4743476e+01
  -1.2061701e+02   3.4725653e+01
  -1.2060305e+02   3.4704782e+01
  -1.2060605e+02   3.4679350e+01
  -1.2061414e+02   3.4659403e+01
  -1.2063057e+02   3.4628194e+01
  -1.2064211e+02   3.4601023e+01
  -1.2064783e+02   3.4585676e+01
  -1.2064444e+02   3.4574131e+01
  -1.2063663e+02   3.4562893e+01
  -1.2062162e+02   3.4552614e+01
  -1.2059457e+02   3.4554697e+01
  -1.2057793e+02   3.4553543e+01
  -1.2055784e+02   3.4541160e+01
  -1.2053636e+02   3.4535293e+01
  -1.2050999e+02   3.4521375e+01
  -1.2049161e+02   3.4491360e+01
  -1.2047268e+02   3.4450273e+01
  -1.2045411e+02   3.4442812e+01
  -1.2044434e+02   3.4451182e+01
  -1.2042520e+02   3.4451321e+01
  -1.2029321e+02   3.4468486e+01
  -1.2017187e+02   3.4469985e+01
  -1.2013341e+02   3.4472724e+01
  -1.2009142e+02   3.4458808e+01
  -1.2003660e+02   3.4463137e+01
  -1.2002214e+02   3.4457696e+01
  -1.2000997e+02   3.4461012e+01
  -1.1998953e+02   3.4449768e+01
  -1.1998467e+02   3.4450035e+01
  -1.1997593e+02   3.4447210e+01
  -1.1996225e+02   3.4439815e+01
  -1.1995707e+02   3.4435892e+01
  -1.1994990e+02   3.4434311e+01
  -1.1994276e+02   3.4435237e+01
  -1.1993484e+02   3.4435541e+01
  -1.1992153e+02   3.4433401e+01
  -1.1990060e+02   3.4420436e+01
  -1.1989037e+02   3.4419092e+01
  -1.1987864e+02   3.4406613e+01
  -1.1987435e+02   3.4408770e+01
  -1.1986824e+02   3.4409479e+01
  -1.1985472e+02   3.4408807e+01
  -1.1984438e+02   3.4403892e+01
  -1.1984239e+02   3.4406233e+01
  -1.1984094e+02   3.4410040e+01
  -1.1984101e+02   3.4412983e+01
  -1.1983641e+02   3.4414948e+01
  -1.1983204e+02   3.4416264e+01
  -1.1980855e+02   3.4416345e+01
  -1.1980296e+02   3.4418098e+01
  -1.1978765e+02   3.4417211e+01
  -1.1975450e+02   3.4404786e+01
  -1.1974322e+02   3.4402608e+01
  -1.1973295e+02   3.4397464e+01
  -1.1971990e+02   3.4395301e+01
  -1.1970788e+02   3.4395441e+01
  -1.1970204e+02   3.4398105e+01
  -1.1970080e+02   3.4400856e+01
  -1.1969090e+02   3.4403498e+01
  -1.1969169e+02   3.4405384e+01
  -1.1969021e+02   3.4408138e+01
  -1.1968770e+02   3.4410903e+01
  -1.1967806e+02   3.4414385e+01
  -1.1965793e+02   3.4416506e+01
  -1.1963851e+02   3.4415242e+01
  -1.1962886e+02   3.4418084e+01
  -1.1962120e+02   3.4418173e+01
  -1.1961716e+02   3.4420527e+01
  -1.1959586e+02   3.4418850e+01
  -1.1958179e+02   3.4412701e+01
  -1.1957589e+02   3.4411924e+01
  -1.1957285e+02   3.4412796e+01
  -1.1956801e+02   3.4413903e+01
  -1.1956318e+02   3.4414795e+01
  -1.1955569e+02   3.4410451e+01
  -1.1953684e+02   3.4395580e+01
  -1.1952943e+02   3.4394813e+01
  -1.1952069e+02   3.4390689e+01
  -1.1951681e+02   3.4386938e+01
  -1.1950251e+02   3.4384342e+01
  -1.1949486e+02   3.4383997e+01
  -1.1948817e+02   3.4381116e+01
  -1.1948351e+02   3.4378633e+01
  -1.1947962e+02   3.4374459e+01
  -1.1947780e+02   3.4372579e+01
  -1.1947524e+02   3.4372393e+01
  -1.1947297e+02   3.4373889e+01
  -1.1947020e+02   3.4375814e+01
  -1.1946624e+02   3.4375022e+01
  -1.1946023e+02   3.4374040e+01
  -1.1945303e+02   3.4368401e+01
  -1.1944324e+02   3.4354822e+01
  -1.1943662e+02   3.4355728e+01
  -1.1942995e+02   3.4353472e+01
  -1.1941832e+02   3.4342382e+01
  -1.1940982e+02   3.4336173e+01
  -1.1940108e+02   3.4330572e+01
  -1.1939411e+02   3.4322601e+01
  -1.1939148e+02   3.4318445e+01
  -1.1938689e+02   3.4318065e+01
  -1.1938206e+02   3.4319370e+01
  -1.1937519e+02   3.4320273e+01
  -1.1937086e+02   3.4319675e+01
  -1.1936470e+02   3.4315726e+01
  -1.1935877e+02   3.4310094e+01
  -1.1934949e+02   3.4304075e+01
  -1.1933860e+02   3.4290480e+01
  -1.1932912e+02   3.4285930e+01
  -1.1932069e+02   3.4282636e+01
  -1.1931339e+02   3.4277128e+01
  -1.1930442e+02   3.4272362e+01
  -1.1929603e+02   3.4274322e+01
  -1.1928992e+02   3.4274576e+01
  -1.1928116e+02   3.4268704e+01
  -1.1926930e+02   3.4254959e+01
  -1.1926716e+02   3.4244534e+01
  -1.1926391e+02   3.4235053e+01
  -1.1925886e+02   3.4233353e+01
  -1.1926336e+02   3.4226577e+01
  -1.1926019e+02   3.4217124e+01
  -1.1925267e+02   3.4203925e+01
  -1.1924397e+02   3.4190090e+01
  -1.1923716e+02   3.4176865e+01
  -1.1923116e+02   3.4167344e+01
  -1.1922608e+02   3.4159128e+01
  -1.1922470e+02   3.4157075e+01
  -1.1922080e+02   3.4153166e+01
  -1.1921709e+02   3.4145502e+01
  -1.1921482e+02   3.4145707e+01
  -1.1921099e+02   3.4147987e+01
  -1.1921014e+02   3.4152308e+01
  -1.1920832e+02   3.4152322e+01
  -1.1920466e+02   3.4149536e+01
  -1.1920420e+02   3.4148414e+01
  -1.1920575e+02   3.4145757e+01
  -1.1920438e+02   3.4144097e+01
  -1.1919370e+02   3.4141738e+01
  -1.1915376e+02   3.4116325e+01
  -1.1912865e+02   3.4100547e+01
  -1.1911959e+02   3.4103739e+01
  -1.1911978e+02   3.4106132e+01
  -1.1911705e+02   3.4106416e+01
  -1.1911433e+02   3.4101793e+01
  -1.1910648e+02   3.4094466e+01
  -1.1910065e+02   3.4098963e+01
  -1.1910016e+02   3.4102807e+01
  -1.1908970e+02   3.4100484e+01
  -1.1906090e+02   3.4085530e+01
  -1.1903826e+02   3.4083640e+01
  -1.1900808e+02   3.4066120e+01
  -1.1899737e+02   3.4065651e+01
  -1.1897750e+02   3.4059566e+01
  -1.1895404e+02   3.4047858e+01
  -1.1893681e+02   3.4043200e+01
  -1.1893001e+02   3.4045896e+01
  -1.1892090e+02   3.4044302e+01
  -1.1891469e+02   3.4040637e+01
  -1.1890267e+02   3.4040149e+01
  -1.1889422e+02   3.4038561e+01
  -1.1887572e+02   3.4037551e+01
  -1.1886266e+02   3.4034433e+01
  -1.1885260e+02   3.4033657e+01
  -1.1882981e+02   3.4020824e+01
  -1.1880697e+02   3.3999406e+01
  -1.1880406e+02   3.4001036e+01
  -1.1880277e+02   3.4004796e+01
  -1.1879661e+02   3.4006706e+01
  -1.1879370e+02   3.4007267e+01
  -1.1879275e+02   3.4011571e+01
  -1.1878921e+02   3.4014562e+01
  -1.1878793e+02   3.4019664e+01
  -1.1878340e+02   3.4021839e+01
  -1.1877302e+02   3.4023764e+01
  -1.1875614e+02   3.4025720e+01
  -1.1874839e+02   3.4031889e+01
  -1.1873053e+02   3.4032545e+01
  -1.1870678e+02   3.4029427e+01
  -1.1869316e+02   3.4031884e+01
  -1.1868014e+02   3.4030330e+01
  -1.1867820e+02   3.4033030e+01
  -1.1867566e+02   3.4038121e+01
  -1.1866659e+02   3.4038945e+01
  -1.1863694e+02   3.4036392e+01
  -1.1860927e+02   3.4035651e+01
  -1.1860340e+02   3.4038818e+01
  -1.1859074e+02   3.4039093e+01
  -1.1858263e+02   3.4036529e+01
  -1.1857062e+02   3.4041106e+01
  -1.1855730e+02   3.4037883e+01
  -1.1854406e+02   3.4038886e+01
  -1.1851407e+02   3.4022162e+01
  -1.1848266e+02   3.3999010e+01
  -1.1844465e+02   3.3949408e+01
  -1.1842495e+02   3.3905513e+01
  -1.1840992e+02   3.3873420e+01
  -1.1839967e+02   3.3851265e+01
  -1.1839721e+02   3.3844023e+01
  -1.1839139e+02   3.3835941e+01
  -1.1839180e+02   3.3817647e+01
  -1.1839572e+02   3.3805654e+01
  -1.1840864e+02   3.3798003e+01
  -1.1840930e+02   3.3791124e+01
  -1.1842182e+02   3.3783944e+01
  -1.1842757e+02   3.3773731e+01
  -1.1842278e+02   3.3763799e+01
  -1.1841522e+02   3.3754410e+01
  -1.1841204e+02   3.3741678e+01
  -1.1840481e+02   3.3740049e+01
  -1.1840136e+02   3.3735559e+01
  -1.1839419e+02   3.3736687e+01
  -1.1838500e+02   3.3740116e+01
  -1.1837608e+02   3.3737157e+01
  -1.1836229e+02   3.3735687e+01
  -1.1835482e+02   3.3726265e+01
  -1.1833146e+02   3.3720051e+01
  -1.1831752e+02   3.3713990e+01
  -1.1830088e+02   3.3709849e+01
  -1.1829131e+02   3.3703208e+01
  -1.1828244e+02   3.3716237e+01
  -1.1828173e+02   3.3711683e+01
  -1.1828269e+02   3.3708000e+01
  -1.1827608e+02   3.3707712e+01
  -1.1827221e+02   3.3715277e+01
  -1.1827447e+02   3.3723755e+01
  -1.1826862e+02   3.3728931e+01
  -1.1826056e+02   3.3733454e+01
  -1.1825913e+02   3.3729407e+01
  -1.1826133e+02   3.3725000e+01
  -1.1825763e+02   3.3716554e+01
  -1.1824557e+02   3.3714879e+01
  -1.1825013e+02   3.3723618e+01
  -1.1823635e+02   3.3728046e+01
  -1.1824432e+02   3.3734291e+01
  -1.1825111e+02   3.3736269e+01
  -1.1825385e+02   3.3746219e+01
  -1.1824899e+02   3.3749427e+01
  -1.1824388e+02   3.3750844e+01
  -1.1825009e+02   3.3763684e+01
  -1.1825455e+02   3.3765401e+01
  -1.1826037e+02   3.3760403e+01
  -1.1825499e+02   3.3758083e+01
  -1.1825032e+02   3.3757555e+01
  -1.1824555e+02   3.3759683e+01
  -1.1824034e+02   3.3767583e+01
  -1.1823468e+02   3.3763153e+01
  -1.1823468e+02   3.3763153e+01
  -1.1823070e+02   3.3769110e+01
  -1.1822658e+02   3.3765450e+01
  -1.1822392e+02   3.3756067e+01
  -1.1821383e+02   3.3749045e+01
  -1.1820973e+02   3.3742287e+01
  -1.1820248e+02   3.3739266e+01
  -1.1820275e+02   3.3746575e+01
  -1.1819250e+02   3.3752309e+01
  -1.1818553e+02   3.3757507e+01
  -1.1817364e+02   3.3763283e+01
  -1.1815258e+02   3.3758765e+01
  -1.1811739e+02   3.3743607e+01
  -1.1809054e+02   3.3730977e+01
  -1.1797851e+02   3.3635972e+01
  -1.1793022e+02   3.3607918e+01
  -1.1788025e+02   3.3592880e+01
  -1.1782457e+02   3.3561672e+01
  -1.1777652e+02   3.3529364e+01
  -1.1773522e+02   3.3484768e+01
  -1.1771520e+02   3.3474840e+01
  -1.1767073e+02   3.3452297e+01
  -1.1765437e+02   3.3441962e+01
  -1.1759630e+02   3.3390448e+01
  -1.1750884e+02   3.3335205e+01
  -1.1736191e+02   3.3165943e+01
  -1.1732216e+02   3.3108501e+01
  -1.1729808e+02   3.3035904e+01
  -1.1728604e+02   3.3023871e+01
  -1.1727956e+02   3.3007224e+01
  -1.1727477e+02   3.2993476e+01
  -1.1725807e+02   3.2908983e+01
  -1.1725364e+02   3.2885081e+01
  -1.1725987e+02   3.2854067e+01
  -1.1726604e+02   3.2847035e+01
  -1.1727379e+02   3.2851146e+01
  -1.1728360e+02   3.2837654e+01
  -1.1727879e+02   3.2822812e+01
  -1.1725756e+02   3.2784245e+01
  -1.1725388e+02   3.2763520e+01
  -1.1725473e+02   3.2746450e+01
  -1.1723783e+02   3.2707223e+01
  -1.1725748e+02   3.2701728e+01
  -1.1725528e+02   3.2691392e+01
  -1.1724528e+02   3.2674584e+01
  -1.1723656e+02   3.2669623e+01
  -1.1722397e+02   3.2684714e+01
  -1.1722619e+02   3.2697207e+01
  -1.1722003e+02   3.2706596e+01
  -1.1722424e+02   3.2718641e+01
  -1.1720986e+02   3.2725284e+01
  -1.1720581e+02   3.2713403e+01
  -1.1716806e+02   3.2698805e+01
  -1.1716657e+02   3.2706773e+01
  -1.1717464e+02   3.2726732e+01
  -1.1717734e+02   3.2715031e+01
  -1.1719096e+02   3.2713699e+01
  -1.1718786e+02   3.2705936e+01
  -1.1718838e+02   3.2682685e+01
  -1.1716637e+02   3.2669501e+01
  -1.1715585e+02   3.2672367e+01
  -1.1716417e+02   3.2683783e+01
  -1.1714633e+02   3.2694262e+01
  -1.1713321e+02   3.2689846e+01
  -1.1711902e+02   3.2670610e+01
  -1.1711989e+02   3.2652634e+01
  -1.1714280e+02   3.2653116e+01
  -1.1714981e+02   3.2646308e+01
  -1.1713701e+02   3.2615761e+01
  -1.1713128e+02   3.2630991e+01
  -1.1710231e+02   3.2620468e+01
  -1.1710338e+02   3.2606810e+01
  -1.1711509e+02   3.2600262e+01
  -1.1712409e+02   3.2606766e+01
  -1.1713395e+02   3.2592896e+01
  -1.1713219e+02   3.2568061e+01
