0.75
0.41
0.93
0.27
0.04
0.25
0.74
0.99
0.11
0.27
0.69
0.39
0.23
0.46
0.04
0.11
0.13
0.91
0.67
0.87
0.90
0.73
0.90
0.79
0.05
0.54
0.99
0.22
0.41
0.43
0.15
0.76
0.74
0.17
0.01
0.54
0.61
0.04
0.41
0.50
0.78
0.68
0.66
0.85
0.30
0.43
0.83
0.87
0.79
0.67
0.37
0.08
0.79
0.05
0.93
0.52
0.71
0.48
0.73
0.08
0.27
0.14
0.26
0.18
0.12
0.16
0.96
0.24
0.31
0.32
0.19
0.02
0.48
0.82
0.60
0.33
0.40
0.96
0.07
0.58
0.56
0.84
0.63
0.20
0.54
0.10
0.98
0.93
0.21
0.63
0.78
0.89
0.88
0.66
0.11
0.78
0.13
0.09
0.95
0.33
