0.75
0.4
0.9
0.3
0.1
0.25
0.75
0.95
0.15
0.25
0.6
0.4
0.25
0.48
0.1
0.25
0.2
0.9
0.6
0.8
0.8
0.75
0.9
0.75
0.1
0.5
0.98
0.25
0.4
0.45
0.2
0.8
0.75
0.25
0.1
0.5
0.55
0.1
0.45
0.5
0.75
0.6
0.58
0.8
0.3
0.45
0.8
0.85
0.8
0.65
0.45
0.1
0.8
0.1
0.9
0.5
0.75
0.5
0.75
0.1
0.3
0.15
0.3
0.25
0.15
0.2
0.95
0.25
0.35
0.38
0.25
0.05
0.5
0.8
0.55
0.4
0.45
0.9
0.1
0.55
0.53
0.8
0.6
0.25
0.5
0.1
0.95
0.9
0.25
0.6
0.75
0.85
0.8
0.6
0.15
0.75
0.15
0.1
0.95
0.4