0.79
0.41
0.92
0.28
0.07
0.26
0.75
0.98
0.15
0.25
0.68
0.44
0.35
0.49
0.06
0.14
0.16
0.87
0.68
0.81
0.85
0.73
0.91
0.78
0.12
0.56
0.99
0.36
0.46
0.45
0.25
0.78
0.6
0.35
0.02
0.56
0.58
0.08
0.47
0.48
0.81
0.78
0.79
0.82
0.37
0.45
0.81
0.89
0.85
0.65
0.48
0.31
0.72
0.24
0.51
0.57
0.75
0.78
0.69
0.21
0.48
0.36
0.36
0.22
0.66
0.91
0.31
0.34
0.36
0.41
0.34
0.04
0.58
0.72
0.65
0.43
0.45
0.94
0.12
0.58
0.57
0.81
0.63
0.29
0.52
0.21
0.97
0.85
0.23
0.59
0.68
0.8
0.78
0.61
0.18
0.98
0.19
0.11
0.92
0.34
