0.80
0.40
0.95
0.30
0.05
0.25
0.75
0.99
0.10
0.25
0.66
0.40
0.20
0.45
0.05
0.10
0.15
0.93
0.80
0.90
0.92
0.80
0.90
0.85
0.05
0.55
0.98
0.15
0.43
0.45
0.12
0.82
0.81
0.15
0.01
0.52
0.60
0.08
0.40
0.50
0.80
0.70
0.65
0.87
0.33
0.42
0.85
0.87
0.85
0.80
0.40
0.08
0.80
0.05
0.92
0.50
0.80
0.47
0.70
0.10
0.20
0.15
0.25
0.15
0.12
0.15
0.95
0.25
0.40
0.40
0.15
0.03
0.47
0.80
0.60
0.40
0.40
0.95
0.10
0.60
0.55
0.85
0.60
0.20
0.55
0.10
0.98
0.93
0.20
0.60
0.80
0.90
0.85
0.60
0.10
0.80
0.15
0.10
0.95
0.33
