0.85
0.43
0.95
0.31
0.11
0.25
0.75
0.99
0.18
0.33
0.74
0.42
0.34
0.49
0.07
0.12
0.15
0.9
0.71
0.87
0.88
0.74
0.8
0.71
0.05
0.52
0.98
0.31
0.47
0.45
0.3
0.7
0.73
0.3
0.02
0.55
0.58
0.17
0.41
0.49
0.7
0.63
0.62
0.8
0.39
0.46
0.83
0.89
0.81
0.72
0.43
0.22
0.79
0.2
0.88
0.51
0.7
0.49
0.81
0.22
0.31
0.39
0.42
0.25
0.21
0.23
0.93
0.25
0.41
0.43
0.25
0.07
0.5
0.79
0.66
0.44
0.48
0.92
0.1
0.6
0.63
0.79
0.68
0.34
0.53
0.17
0.98
0.9
0.4
0.59
0.8
0.9
0.89
0.69
0.19
0.75
0.25
0.21
0.91
0.41
