0.75
0.4
0.95
0.3
0.05
0.25
0.8
0.99
0.1
0.2
0.75
0.4
0.25
0.5
0.05
0.1
0.12
0.92
0.8
0.9
0.95
0.8
0.95
0.9
0.05
0.55
0.99
0.8
0.4
0.45
0.15
0.8
0.75
0.2
0.01
0.6
0.65
0.05
0.4
0.5
0.8
0.7
0.75
0.85
0.25
0.4
0.85
0.9
0.75
0.75
0.4
0.05
0.8
0.05
0.95
0.55
0.7
0.5
0.75
0.05
0.35
0.15
0.25
0.2
0.15
0.15
0.95
0.25
0.3
0.32
0.25
0.05
0.5
0.8
0.65
0.35
0.4
0.95
0.07
0.6
0.6
0.85
0.65
0.2
0.55
0.1
0.95
0.9
0.2
0.65
0.7
0.9
0.85
0.7
0.15
0.8
0.15
0.1
0.95
0.3
