0.81
0.34
0.93
0.26
0.05
0.27
0.78
0.99
0.11
0.24
0.76
0.38
0.28
0.44
0.08
0.17
0.19
0.9
0.71
0.88
0.9
0.82
0.94
0.8
0.1
0.5
0.99
0.2
0.3
0.33
0.16
0.8
0.7
0.15
0.04
0.51
0.6
0.05
0.38
0.48
0.8
0.76
0.75
0.86
0.25
0.33
0.82
0.9
0.8
0.65
0.3
0.1
0.8
0.08
0.92
0.5
0.75
0.48
0.7
0.11
0.25
0.15
0.26
0.17
0.13
0.17
0.93
0.2
0.28
0.29
0.2
0.04
0.49
0.81
0.67
0.33
0.4
0.92
0.1
0.58
0.54
0.85
0.6
0.21
0.53
0.15
0.95
0.88
0.23
0.63
0.79
0.89
0.85
0.7
0.15
0.78
0.16
0.11
0.91
0.3
