0.78
0.46
0.91
0.37
0.09
0.34
0.7
0.98
0.17
0.41
0.62
0.44
0.29
0.49
0.1
0.21
0.22
0.76
0.58
0.84
0.86
0.71
0.84
0.76
0.17
0.65
0.99
0.32
0.42
0.43
0.25
0.7
0.68
0.22
0.02
0.51
0.56
0.12
0.47
0.5
0.75
0.67
0.7
0.83
0.36
0.47
0.78
0.85
0.75
0.63
0.4
0.18
0.83
0.08
0.9
0.51
0.68
0.5
0.63
0.2
0.33
0.2
0.33
0.26
0.21
0.22
0.92
0.35
0.38
0.4
0.28
0.04
0.5
0.81
0.58
0.4
0.44
0.92
0.11
0.56
0.55
0.8
0.63
0.28
0.53
0.17
0.97
0.92
0.28
0.56
0.73
0.82
0.8
0.63
0.21
0.72
0.22
0.18
0.9
0.41