0.75
0.45
0.95
0.3
0.05
0.25
0.7
0.98
0.09
0.28
0.6
0.43
0.29
0.48
0.04
0.12
0.14
0.91
0.63
0.88
0.89
0.67
0.91
0.78
0.06
0.51
0.99
0.29
0.4
0.42
0.18
0.75
0.78
0.21
0.01
0.52
0.57
0.04
0.46
0.5
0.67
0.61
0.63
0.82
0.39
0.42
0.79
0.83
0.75
0.65
0.4
0.13
0.81
0.05
0.92
0.51
0.63
0.49
0.65
0.02
0.2
0.15
0.25
0.21
0.19
0.18
0.93
0.31
0.39
0.42
0.27
0.03
0.5
0.78
0.59
0.38
0.41
0.91
0.09
0.56
0.52
0.8
0.67
0.25
0.52
0.12
0.97
0.93
0.23
0.62
0.75
0.84
0.83
0.65
0.1
0.79
0.14
0.12
0.95
0.39
