0.8
0.46
0.95
0.35
0.1
0.4
0.65
0.99
0.12
0.25
0.07
0.45
0.36
0.47
0.08
0.16
0.13
0.82
0.67
0.72
0.76
0.69
0.78
0.71
0.05
0.5
0.98
0.2
0.4
0.41
0.15
0.78
0.72
0.6
0.01
0.6
0.8
0.4
0.31
0.4
0.82
0.7
0.71
0.82
0.38
0.46
0.81
0.82
0.83
0.71
0.42
0.11
0.82
0.09
0.91
0.52
0.61
0.5
0.7
0.17
0.31
0.28
0.3
0.25
0.27
0.25
0.9
0.31
0.4
0.42
0.3
0.05
0.47
0.74
0.57
0.34
0.44
0.95
0.11
0.8
0.81
0.83
0.75
0.2
0.55
0.16
0.97
0.92
0.35
0.6
0.8
0.92
0.93
0.8
0.1
0.85
0.11
0.1
0.92
0.36