0.75
0.40 
0.90 
0.30 
0.08
0.25
0.80 
0.98
0.15
0.30 
0.70 
0.45
0.30 
0.45
0.05
0.15
0.17
0.90 
0.70 
0.85
0.90 
0.80 
0.95
0.85
0.05
0.55
0.98
0.20 
0.35
0.40 
0.15
0.80 
0.78
0.15
0.02
0.50 
0.60 
0.05
0.35
0.50 
0.80 
0.75
0.70 
0.85
0.35
0.45
0.80 
0.85
0.80 
0.75
0.40 
0.10 
0.80 
0.05
0.95
0.50 
0.70 
0.50 
0.70 
0.10 
0.20 
0.15
0.20 
0.15
0.10 
0.15
0.95
0.25
0.33
0.30 
0.20 
0.05
0.50 
0.80
0.70 
0.30 
0.35
0.95
0.10 
0.60 
0.65
0.80 
0.70 
0.20 
0.55
0.10 
0.97
0.90 
0.30 
0.70 
0.80 
0.87
0.85
0.70 
0.15
0.80 
0.15
0.10 
0.95
0.40 
