0.81
0.43
0.92
0.27
0.03
0.28
0.60
0.99
0.70
0.33
0.55
0.47
0.31
0.50
0.05
0.13
0.11
0.80
0.70
0.85
0.90
0.75
0.92
0.77
0.04
0.50
0.98
0.31
0.39
0.40
0.12
0.69
0.63
0.20
0.01
0.55
0.60
0.10
0.41
0.51
0.64
0.61
0.58
0.81
0.29
0.44
0.82
0.84
0.27
0.59
0.37
0.09
0.7
0.05
0.94
0.50
0.71
0.47
0.60
0.09
0.35
0.21
0.82
0.24
0.11
0.22
0.99
0.35
0.41
0.40
0.20
0.02
0.51
0.75
0.63
0.47
0.49
0.93
0.09
0.54
0.52
0.75
0.62
0.25
0.53
0.17
0.99
0.88
0.32
0.55
0.71
0.85
0.79
0.64
0.20
0.72
0.17
0.12
0.93
0.42
