0.75
0.41
0.92
0.31
0.16
0.25
0.73
0.98
0.13
0.36
0.65
0.42
0.27
0.46
0.07
0.13
0.15
0.85
0.67
0.89
0.88
0.83
0.89
0.82
0.06
0.52
0.98
0.27
0.44
0.46
0.27
0.66
0.64
0.29
0.02
0.53
0.58
0.07
0.4
0.5
0.81
0.72
0.7
0.81
0.37
0.45
0.83
0.89
0.73
0.7
0.43
0.13
0.78
0.09
0.89
0.5
0.7
0.5
0.8
0.13
0.3
0.21
0.31
0.26
0.22
0.24
0.95
0.36
0.4
0.41
0.33
0.04
0.49
0.83
0.57
0.38
0.41
0.96
0.09
0.54
0.54
0.84
0.61
0.26
0.52
0.15
0.98
0.91
0.26
0.6
0.79
0.83
0.85
0.61
0.16
0.75
0.17
0.15
0.9
0.36
