0.70
0.45
0.92
0.32
0.10
0.30
0.80
0.99
0.15
0.31
0.60
0.45
0.29
0.47
0.08
0.21
0.10
0.90
0.65
0.83
0.85
0.77
0.83
0.76
0.12
0.85
0.95
0.27
0.46
0.45
0.15
0.84
0.72
0.22
0.05
0.59
0.61
0.08
0.50
0.50
0.60
0.59
0.58
0.75
0.40
0.45
0.78
0.78
0.64
0.64
0.40
0.12
0.71
0.10
0.85
0.56
0.70
0.49
0.73
0.10
0.30
0.18
0.20
0.17
0.15
0.15
0.92
0.32
0.42
0.43
0.32
0.04
0.49
0.79
0.59
0.39
0.42
0.93
0.11
0.56
0.57
0.81
0.61
0.22
0.53
0.14
0.98
0.92
0.29
0.71
0.72
0.81
0.82
0.67
0.13
0.68
0.15
0.12
0.92
0.45