0.78
0.41
0.89
0.46
0.1
0.47
0.79
0.99
0.23
0.47
0.73
0.49
0.32
0.49
0.08
0.14
0.16
0.9
0.76
0.85
0.82
0.76
0.95
0.74
0.12
0.56
0.98
0.36
0.47
0.5
0.32
0.74
0.65
0.25
0.02
0.53
0.59
0.09
0.45
0.5
0.69
0.69
0.71
0.84
0.37
0.45
0.81
0.85
0.82
0.82
0.43
0.07
0.85
0.06
0.92
0.54
0.67
0.48
0.64
0.12
0.36
0.28
0.37
0.34
0.21
0.22
0.95
0.34
0.36
0.41
0.36
0.08
0.49
0.7
0.56
0.41
0.43
0.96
0.11
0.58
0.52
0.72
0.65
0.21
0.5
0.14
0.97
0.9
0.21
0.58
0.73
0.81
0.79
0.63
0.1
0.79
0.12
0.08
0.94
0.41