0.75
0.46
0.92
0.31
0.05
0.21
0.71
0.98
0.11
0.27
0.61
0.39
0.3
0.47
0.08
0.19
0.21
0.91
0.61
0.81
0.78
0.62
0.81
0.72
0.08
0.58
0.99
0.25
0.38
0.39
0.18
0.72
0.62
0.41
0.02
0.51
0.61
0.09
0.42
0.5
0.72
0.68
0.62
0.81
0.37
0.42
0.79
0.81
0.78
0.72
0.42
0.11
0.63
0.07
0.51
0.62
0.5
0.67
0.13
0.63
0.63
0.18
0.28
0.22
0.12
0.27
0.92
0.37
0.36
0.38
0.25
0.03
0.51
0.82
0.65
0.41
0.41
0.96
0.1
0.67
0.55
0.8
0.65
0.22
0.53
0.13
0.98
0.91
0.29
0.62
0.68
0.81
0.83
0.62
0.11
0.75
0.18
0.12
0.93
0.32
