0.75
0.41
0.93
0.32
0.05
0.3
0.7
0.98
0.15
0.3
0.65
0.4
0.3
0.45
0.08
0.12
0.15
0.91
0.68
0.88
0.9
0.7
0.85
0.78
0.07
0.54
0.99
0.27
0.41
0.44
0.18
0.7
0.68
0.19
0.02
0.52
0.61
0.05
0.4
0.5
0.8
0.71
0.69
0.8
0.38
0.45
0.85
0.88
0.82
0.6
0.45
0.12
0.78
0.07
0.92
0.51
0.62
0.5
0.65
0.12
0.33
0.18
0.3
0.2
0.15
0.19
0.96
0.26
0.33
0.36
0.22
0.03
0.49
0.84
0.62
0.38
0.42
0.95
0.1
0.55
0.53
0.82
0.6
0.24
0.54
0.04
0.97
0.91
0.26
0.61
0.78
0.89
0.86
0.66
0.17
0.8
0.17
0.1
0.93
0.31