0.75
0.4
0.9
0.35
0.5
0.25
0.8
0.98
0.1
0.3
0.7
0.4
0.31
0.45
0.11
0.15
0.17
0.9
0.71
0.81
0.86
0.73
0.9
0.85
0.1
0.51
0.99
0.18
0.46
0.48
0.13
0.77
0.76
0.21
0.01
0.51
0.55
0.05
0.45
0.5
0.8
0.7
0.65
0.91
0.35
0.44
0.82
0.9
0.8
0.68
0.4
0.11
0.81
0.1
0.9
0.5
0.7
0.49
0.71
0.15
0.42
0.26
0.32
0.3
0.2
0.25
0.95
0.35
0.4
0.44
0.25
0.06
0.49
0.83
0.55
0.4
0.44
0.95
0.14
0.55
0.55
0.8
0.6
0.2
0.55
0.16
0.96
0.91
0.36
0.6
0.75
0.9
0.88
0.61
0.15
0.8
0.2
0.15
0.94
0.4
