0.8
0.35
0.92
0.2
0.4
0.18
0.82
0.99
0.11
0.19
0.75
0.43
0.16
0.48
0.05
0.1
0.12
0.91
0.79
0.88
0.9
0.85
0.91
0.86
0.04
0.6
0.99
0.18
0.33
0.35
0.08
0.79
0.77
0.12
0.01
0.57
0.6
0.04
0.33
0.5
0.82
0.74
0.66
0.87
0.25
0.4
0.85
0.9
0.87
0.73
0.35
0.1
0.81
0.05
0.93
0.5
0.76
0.47
0.79
0.08
0.21
0.13
0.2
0.15
0.12
0.14
0.97
0.19
0.31
0.32
0.16
0.03
0.49
0.84
0.57
0.3
0.4
0.95
0.08
0.57
0.54
0.89
0.66
0.19
0.53
0.09
0.98
0.94
0.15
0.63
0.85
0.92
0.9
0.66
0.11
0.8
0.14
0.09
0.95
0.33
