0.75
0.45
0.9
0.3
0.05
0.25
0.75
0.99
0.15
0.4
0.7
0.45
0.25
0.48
0.05
0.15
0.2
0.9
0.6
0.86
0.9
0.7
0.9
0.75
0.05
0.5
0.99
0.25
0.45
0.45
0.2
0.7
0.65
0.2
0.01
0.55
0.6
0.05
0.45
0.5
0.75
0.6
0.65
0.85
0.35
0.45
0.8
0.85
0.8
0.6
0.4
0.1
0.75
0.07
0.95
0.5
0.7
0.5
0.75
0.1
0.3
0.2
0.3
0.25
0.15
0.2
0.95
0.35
0.4
0.4
0.25
0.05
0.5
0.8
0.55
0.4
0.45
0.95
0.1
0.55
0.54
0.85
0.6
0.25
0.52
0.1
0.97
0.9
0.25
0.6
0.75
0.85
0.82
0.65
0.15
0.75
0.2
0.15
0.95
0.4