0.75
0.45
0.95
0.25
0.05
0.25
0.75
0.99
0.1
0.25
0.7
0.4
0.25
0.47
0.08
0.15
0.17
0.9
0.65
0.85
0.9
0.8
0.9
0.8
0.1
0.55
0.99
0.2
0.4
0.45
0.15
0.8
0.75
0.25
0.05
0.55
0.55
0.1
0.4
0.5
0.75
0.7
0.71
0.8
0.35
0.4
0.7
0.8
0.75
0.6
0.3
0.1
0.7
0.1
0.9
0.5
0.6
0.48
0.62
0.1
0.3
0.2
0.3
0.25
0.18
0.2
0.9
0.35
0.4
0.41
0.3
0.05
0.47
0.8
0.6
0.4
0.45
0.95
0.15
0.55
0.54
0.8
0.65
0.25
0.55
0.15
0.95
0.87
0.25
0.75
0.7
0.82
0.8
0.6
0.2
0.7
0.2
0.15
0.9
0.33