0.75
0.45
0.98
0.30
0.12
0.30
0.75
0.99
0.18
0.39
0.75
0.45
0.35
0.49
0.09
0.10
0.12
0.90
0.60
0.84
0.90
0.75
0.90
0.80
0.08
0.53
0.99
0.37
0.47
0.48
0.20
0.80
0.72
0.40
0.01
0.53
0.60
0.15
0.50
0.50
0.70
0.70
0.68
0.90
0.30
0.47
0.81
0.90
0.81
0.70
0.45
0.14
0.79
0.13
0.91
0.52
0.80
0.50
0.80
0.10
0.30
0.20
0.30
0.20
0.13
0.20
0.96
0.27
0.34
0.40
0.35
0.07
0.50
0.80
0.69
0.37
0.49
0.95
0.10
0.62
0.63
0.84
0.70
0.20
0.53
0.17
0.96
0.91
0.23
0.61
0.82
0.89
0.89
0.74
0.19
0.78
0.21
0.19
0.97
0.47
