0.78
0.42
0.94
0.24
0.06
0.2
0.8
0.98
0.1
0.22
0.7
0.4
0.27
0.45
0.07
0.15
0.17
0.9
0.7
0.84
0.85
0.75
0.9
0.8
0.09
0.52
0.98
0.21
0.39
0.42
0.15
0.72
0.71
0.16
0.02
0.52
0.57
0.08
0.37
0.45
0.76
0.65
0.63
0.84
0.33
0.44
0.8
0.85
0.81
0.76
0.37
0.1
0.8
0.05
0.85
0.58
0.7
0.49
0.7
0.09
0.22
0.17
0.25
0.19
0.15
0.17
0.95
0.24
0.29
0.31
0.2
0.04
0.48
0.79
0.64
0.39
0.43
0.93
0.12
0.58
0.55
0.83
0.62
0.21
0.52
0.11
0.97
0.9
0.25
0.71
0.79
0.85
0.84
0.68
0.15
0.8
0.14
0.13
0.92
0.3
