0.71
0.38
0.91
0.25
0.08
0.41
0.69
0.98
0.1
0.27
0.69
0.45
0.2
0.49
0.09
0.13
0.15
0.87
0.65
0.81
0.89
0.78
0.89
0.8
0.06
0.55
0.98
0.24
0.47
0.48
0.21
0.81
0.78
0.2
0.02
0.55
0.6
0.07
0.44
0.5
0.79
0.75
0.73
0.8
0.4
0.42
0.78
0.81
0.77
0.73
0.47
0.15
0.8
0.17
0.86
0.5
0.75
0.49
0.78
0.1
0.35
0.2
0.25
0.23
0.2
0.23
0.97
0.27
0.43
0.44
0.35
0.02
0.48
0.8
0.55
0.41
0.43
0.97
0.11
0.57
0.53
0.72
0.61
0.21
0.52
0.15
0.98
0.89
0.23
0.58
0.77
0.85
0.87
0.64
0.12
0.77
0.19
0.11
0.98
0.39
