0.75
0.42
0.85
0.28
0.09
0.28
0.74
0.98
0.18
0.31
0.69
0.41
0.27
0.48
0.11
0.16
0.18
0.9
0.62
0.88
0.9
0.7
0.92
0.8
0.05
0.51
0.99
0.26
0.41
0.42
0.21
0.88
0.84
0.22
0.02
0.52
0.6
0.08
0.49
0.49
0.67
0.64
0.63
0.83
0.3
0.43
0.81
0.9
0.84
0.72
0.42
0.1
0.77
0.08
0.91
0.51
0.62
0.48
0.6
0.12
0.21
0.18
0.29
0.24
0.19
0.19
0.93
0.27
0.32
0.33
0.2
0.04
0.49
0.8
0.59
0.39
0.41
0.92
0.13
0.58
0.52
0.88
0.61
0.23
0.51
0.12
0.97
0.91
0.26
0.62
0.79
0.9
0.91
0.68
0.11
0.78
0.1
0.09
0.94
0.38