0.68
0.41
0.92
0.32
0.08
0.34
0.74
0.99
0.21
0.40
0.68
0.41
0.37
0.48
0.08
0.13
0.14
0.88
0.63
0.79
0.81
0.63
0.88
0.61
0.07
0.50
0.99
0.34
0.47
0.48
0.22
0.72
0.69
0.29
0.01
0.53
0.58
0.09
0.47
0.49
0.73
0.69
0.68
0.76
0.30
0.49
0.79
0.80
0.72
0.65
0.41
0.12
0.73
0.10
0.90
0.70
0.50
0.45
0.65
0.15
0.35
0.25
0.35
0.30
0.15
0.20
0.95
0.30
0.33
0.34
0.28
0.05
0.48
0.80
0.60
0.37
0.40
0.93
0.13
0.52
0.51
0.80
0.60
0.20
0.51
0.10
0.98
0.92
0.21
0.57
0.75
0.85
0.88
0.59
0.10
0.75
0.10
0.09
0.93
0.40
