0.75
0.47
0.95
0.27
0.11
0.23
0.75
0.99
0.11
0.31
0.61
0.47
0.25
0.43
0.08
0.09
0.11
0.85
0.67
0.92
0.92
0.75
0.91
0.87
0.1
0.55
0.99
0.22
0.42
0.43
0.15
0.61
0.63
0.21
0.01
0.51
0.57
0.03
0.47
0.5
0.79
0.75
0.73
0.87
0.4
0.49
0.81
0.87
0.84
0.79
0.41
0.11
0.79
0.11
0.91
0.52
0.75
0.5
0.75
0.12
0.25
0.21
0.39
0.32
0.15
0.17
0.95
0.25
0.31
0.32
0.21
0.05
0.51
0.8
0.6
0.4
0.45
0.95
0.1
0.6
0.55
0.85
0.6
0.15
0.55
0.1
0.97
0.89
0.21
0.6
0.8
0.85
0.86
0.65
0.15
0.7
0.15
0.19
0.9
0.4
