0.72
0.63
0.92
0.31
0.04
0.27
0.76
0.98
0.1
0.34
0.8
0.45
0.34
0.47
0.9
0.12
0.18
0.4
0.74
0.88
0.89
0.64
0.88
0.74
0.8
0.53
0.99
0.7
0.4
0.6
0.21
0.32
0.7
0.21
0.01
0.52
0.63
0.21
0.48
0.5
0.72
0.68
0.65
0.78
0.42
0.47
0.81
0.83
0.76
0.64
0.43
0.09
0.67
0.09
0.9
0.52
0.59
0.56
0.61
0.11
0.35
0.23
0.31
0.28
0.23
0.29
0.95
0.34
0.42
0.43
0.37
0.08
0.49
0.76
0.66
0.41
0.42
0.97
0.1
0.72
0.63
0.8
0.61
0.32
0.52
0.16
0.97
0.93
0.32
0.61
0.68
0.83
0.82
0.64
0.19
0.73
0.2
0.18
0.95
0.43