0.79
0.44
0.94
0.32
0.06
0.27
0.72
0.98
0.11
0.21
0.68
0.41
0.24
0.48
0.05
0.16
0.17
0.9
0.69
0.9
0.9
0.7
0.93
0.84
0.05
0.52
0.99
0.27
0.42
0.44
0.17
0.84
0.76
0.28
0.02
0.54
0.61
0.52
0.36
0.47
0.81
0.71
0.68
0.91
0.32
0.46
0.92
0.96
0.87
0.61
0.41
0.06
0.92
0.07
0.94
0.5
0.67
0.49
0.74
0.07
0.32
0.21
0.27
0.23
0.21
0.24
0.96
0.36
0.38
0.41
0.24
0.03
0.48
0.89
0.53
0.41
0.41
0.96
0.07
0.54
0.55
0.89
0.62
0.23
0.52
0.13
0.98
0.94
0.31
0.59
0.78
0.94
0.94
0.67
0.1
0.84
0.09
0.06
0.94
0.41
