0.8
0.4
0.9
0.25
0.05
0.25
0.8
0.98
0.15
0.25
0.75
0.4
0.25
0.4
0.05
0.1
0.15
0.9
0.8
0.9
0.9
0.8
0.9
0.8
0.05
0.55
0.98
0.2
0.35
0.4
0.2
0.8
0.75
0.2
0.02
0.55
0.65
0.05
0.5
0.5
0.8
0.65
0.6
0.8
0.35
0.45
0.8
0.85
0.8
0.75
0.35
0.2
0.8
0.05
0.95
0.5
0.75
0.4
0.75
0.1
0.25
0.15
0.25
0.25
0.1
0.2
0.95
0.2
0.25
0.3
0.2
0.02
0.45
0.85
0.65
0.25
0.35
0.95
0.05
0.6
0.65
0.8
0.8
0.2
0.6
0.1
0.98
0.95
0.25
0.7
0.85
0.9
0.9
0.75
0.15
0.8
0.15
0.1
0.95
0.35
