0.9
0.71
0.66
0.66
0.74
0.2
0.93
0.54
0.71
0.58
0.48
0.11
0.04
0.92
0.25
0.23
0.26
0.55
0.88
0.2
0.93
0.29
0.67
0.71
0.57
0.97
0.54
0.23
0.31
0.44
0.87
0.77
0.96
0.56
0.18
0.97
0.18
0.44
0.43
0.54
0.42
0.87
0.18
0.21
0.49
0.73
0.71
0.66
0.82
0.29
0.99
0.91
0.08
0.23
0.09
0.05
0.81
0.99
0.84
0.33
0.49
0.24
0.48
0.55
0.59
0.59
0.95
0.74
0.21
0.32
0.27
0.8
0.73
0.92
0.64
0.09
0.69
0
0.09
0.28
0.14
0.23
0.59
0.87
0.6
0.47
0.79
0.27
0.34
0.97
0.43
0.11
0.57
0.73
0.11
0.91
0.74
0.86
0.94
0.16