0.75
0.45
0.93
0.25
0.05
0.25
0.75
0.98
0.15
0.3
0.64
0.38
0.27
0.48
0.05
0.13
0.14
0.9
0.7
0.89
0.93
0.86
0.9
0.87
0.05
0.51
0.99
0.23
0.38
0.43
0.2
0.83
0.8
0.17
0.01
0.53
0.57
0.04
0.39
0.49
0.8
0.78
0.77
0.9
0.33
0.45
0.9
0.93
0.9
0.8
0.4
0.07
0.87
0.05
0.95
0.53
0.6
0.55
0.78
0.08
0.19
0.14
0.2
0.18
0.13
0.15
0.97
0.23
0.27
0.3
0.2
0.02
0.5
0.92
0.7
0.33
0.4
0.97
0.08
0.7
0.65
0.88
0.7
0.19
0.54
0.1
0.98
0.95
0.23
0.7
0.84
0.92
0.91
0.77
0.1
0.87
0.1
0.07
0.96
0.31