0.76
0.42
0.93
0.31
0.09
0.33
0.72
0.98
0.21
0.38
0.64
0.43
0.32
0.46
0.1
0.2
0.22
0.87
0.69
0.8
0.9
0.73
0.85
0.8
0.11
0.5
0.99
0.29
0.43
0.48
0.25
0.6
0.59
0.3
0.02
0.55
0.59
0.13
0.46
0.5
0.65
0.61
0.62
0.75
0.41
0.43
0.72
0.83
0.69
0.62
0.38
0.21
0.75
0.15
0.85
0.5
0.7
0.48
0.73
0.21
0.35
0.28
0.37
0.34
0.3
0.3
0.95
0.38
0.41
0.39
0.27
0.05
0.52
0.75
0.59
0.41
0.45
0.9
0.15
0.61
0.59
0.72
0.6
0.29
0.54
0.28
0.97
0.88
0.33
0.61
0.7
0.84
0.8
0.65
0.27
0.68
0.3
0.22
0.89
0.43
