0.75
0.45
0.9
0.25
0.1
0.3
0.8
0.98
0.12
0.25
0.66
0.35
0.2
0.45
0.07
0.12
0.15
0.9
0.66
0.9
0.9
0.7
0.9
0.8
0.05
0.55
0.99
0.2
0.45
0.47
0.12
0.1
0.7
0.15
0.02
0.55
0.6
0.08
0.4
0.5
0.8
0.6
0.55
0.8
0.3
0.45
0.8
0.85
0.8
0.66
0.4
0.1
0.8
0.05
0.9
0.5
0.65
0.5
0.7
0.1
0.3
0.25
0.3
0.25
0.2
0.2
0.95
0.2
0.3
0.3
0.2
0.05
0.5
0.8
0.55
0.4
0.45
0.95
0.1
0.55
0.55
0.85
0.6
0.2
0.55
0.15
0.95
0.9
0.2
0.65
0.7
0.9
0.85
0.6
0.1
0.8
0.1
0.1
0.9
0.35
