0.73
0.39
0.89
0.44
0.09
0.28
0.77
0.99
0.7
0.3
0.65
0.38
0.3
0.48
0.05
0.12
0.22
0.9
0.67
0.89
0.9
0.8
0.9
0.8
0.08
0.55
0.99
0.24
0.41
0.45
0.18
0.81
0.8
0.41
0.01
0.55
0.6
0.03
0.37
0.49
0.77
0.66
0.64
0.88
0.39
0.46
0.88
0.9
0.86
0.73
0.4
0.11
0.88
0.05
0.94
0.5
0.61
0.5
0.77
0.13
0.25
0.2
0.3
0.19
0.16
0.19
0.97
0.34
0.34
0.34
0.28
0.02
0.48
0.88
0.58
0.46
0.48
0.96
0.1
0.65
0.64
0.9
0.65
0.25
0.55
0.17
0.98
0.88
0.23
0.58
0.85
0.91
0.89
0.63
0.15
0.79
0.18
0.13
0.95
0.36