0.75
0.45
0.88
0.4
0.05
0.4
0.7
0.98
0.16
0.37
0.63
0.43
0.32
0.48
0.07
0.2
0.24
0.85
0.67
0.79
0.83
0.68
0.85
0.7
0.1
0.55
0.98
0.36
0.48
0.5
0.3
0.75
0.7
0.3
0.02
0.54
0.56
0.08
0.47
0.5
0.6
0.58
0.56
0.78
0.4
0.48
0.78
0.82
0.84
0.6
0.4
0.13
0.75
0.12
0.88
0.52
0.62
0.5
0.65
0.18
0.35
0.25
0.33
0.27
0.28
0.3
0.96
0.32
0.36
0.37
0.25
0.04
0.47
0.71
0.54
0.42
0.48
0.93
0.18
0.56
0.58
0.78
0.58
0.31
0.54
0.21
0.96
0.89
0.29
0.58
0.7
0.86
0.85
0.6
0.23
0.73
0.24
0.22
0.92
0.41
